

8617292022147,   116.49389,  39.86317, 0,    180.0,   0.0,  1569168001
           id，   经度，      维度，      载客， 方向角度， 车速， 时间
           0      1           2         3      4        5     6
最后输出的数据对
车辆ID，上车时间（Stime），上车地点（SLng和SLat），下车时间（Etime），下车地点（ELng和ELat）


8613436771149,116.41186,39.9624,0,0.0,0.0,1569167996

8617292037945,116.36511,39.88896,0,3.0,0.0,1569167994

8617292027568,116.75666,40.28707,0,93.0,0.0,1569167999

8615701289471,116.30567,39.97459,0,276.0,0.0,1569167997


















