116.2511	39.53471	116.2511	39.53471
116.2511	39.53471	116.2511	39.53471
116.29405	39.55676	116.29405	39.55676
116.29405	39.55676	116.29405	39.55676
115.8886	39.56962	115.8886	39.56962
116.41242	39.57247	116.41242	39.57247
116.41242	39.57247	116.41242	39.57247
116.41242	39.57247	116.41242	39.57247
115.85975	39.59539	115.85975	39.59539
115.85975	39.59539	115.85975	39.59539
116.10828	39.60601	116.10828	39.60601
116.10828	39.60601	116.10828	39.60601
116.06563	39.60804	115.96658	39.60072
115.88389	39.6256	115.88389	39.6256
115.88389	39.6256	115.88389	39.6256
115.88389	39.6256	115.88389	39.6256
116.06168	39.64765	116.06185	39.6475
116.23816	39.65453	116.23816	39.65453
116.43788	39.66851	116.43788	39.66851
116.43788	39.66851	116.43788	39.66851
116.43788	39.66851	116.43788	39.66851
116.43434	39.66983	116.43434	39.66983
116.31932	39.67533	116.22432	39.87096
116.64879	39.67533	116.64879	39.67533
116.5977	39.67973	116.5977	39.67973
116.31011	39.68316	116.31011	39.68316
116.31011	39.68316	116.31011	39.68316
116.58509	39.68599	116.57946	39.75707
116.5552	39.68704	116.5552	39.68704
116.5552	39.68704	116.5552	39.68704
116.36418	39.68753	116.33588	39.73636
116.87491	39.68912	116.87491	39.68912
116.87491	39.68912	116.87491	39.68912
116.87491	39.68912	116.87491	39.68912
116.57623	39.69102	116.57623	39.69102
116.57623	39.69102	116.57623	39.69102
116.57623	39.69102	116.57623	39.69102
116.53662	39.69147	116.53662	39.69147
116.29989	39.69205	116.31694	39.64397
116.52778	39.69891	116.52778	39.69891
116.52778	39.69891	116.52778	39.69891
116.52778	39.69891	116.52778	39.69891
116.293	39.69913	116.293	39.69913
116.293	39.69913	116.293	39.69913
116.293	39.69913	116.293	39.69913
116.72402	39.69973	116.72402	39.69973
116.72411	39.69993	116.72411	39.69993
116.72411	39.69993	116.72411	39.69993
116.18231	39.70166	116.18231	39.70166
116.18231	39.70166	116.18231	39.70166
116.18231	39.70166	116.18231	39.70166
116.32606	39.70351	116.31895	39.62122
116.08976	39.70732	116.08976	39.70732
116.08976	39.70732	116.08976	39.70732
116.08976	39.70732	116.08976	39.70732
116.61284	39.71539	116.61284	39.71539
116.61284	39.71539	116.61284	39.71539
116.61284	39.71539	116.61284	39.71539
116.42456	39.71676	116.42456	39.71676
116.41759	39.71945	116.41759	39.71945
116.41759	39.71945	116.41759	39.71945
116.42786	39.71955	116.42786	39.71955
116.42786	39.71955	116.42786	39.71955
116.46203	39.72112	116.46203	39.72112
116.46203	39.72112	116.46203	39.72112
116.56045	39.72155	116.56045	39.72155
116.32711	39.72204	116.32711	39.72204
116.32703	39.72206	116.32703	39.72206
116.32703	39.72206	116.32703	39.72206
116.11736	39.72472	116.11736	39.72472
116.11736	39.72472	116.11736	39.72472
116.1174	39.72483	116.11736	39.72472
116.33996	39.7274	116.4088	39.66265
116.1359	39.73004	116.09196	39.68363
116.15528	39.7315	116.15528	39.7315
116.15528	39.7315	116.15528	39.7315
116.15528	39.7315	116.15528	39.7315
116.15528	39.7315	116.15528	39.7315
116.15528	39.7315	116.15528	39.7315
116.55766	39.73188	116.57323	39.67277
116.31462	39.73279	116.31462	39.73279
116.31462	39.73279	116.31462	39.73279
116.31462	39.73279	116.31462	39.73279
116.3636	39.733	116.3636	39.733
116.3636	39.733	116.3636	39.733
116.21153	39.73488	116.21153	39.73488
116.21153	39.73488	116.21153	39.73488
116.21153	39.73488	116.21153	39.73488
116.42593	39.73551	116.42593	39.73552
116.33761	39.73593	116.33761	39.73593
116.33761	39.73593	116.33761	39.73593
116.10105	39.73603	116.10105	39.73603
116.54952	39.74003	116.54881	39.7572
116.70958	39.74028	116.70958	39.74028
116.70958	39.74028	116.70958	39.74028
116.8896	39.7416	116.8896	39.7416
116.31686	39.74199	116.31694	39.75437
116.89602	39.74207	116.89602	39.74207
116.89602	39.74207	116.89602	39.74207
116.33827	39.74459	116.37072	39.74105
116.30858	39.74478	116.30858	39.74478
116.14251	39.74617	116.14115	39.81063
116.75591	39.74714	116.75591	39.74714
116.75591	39.74714	116.75591	39.74714
116.75591	39.74714	116.75591	39.74714
116.17237	39.74939	116.17237	39.74939
116.17207	39.74948	116.15247	39.73053
116.54015	39.75114	116.5499	39.75139
116.32065	39.75179	116.32581	39.73635
116.4802	39.7522	116.48058	39.7524
116.33384	39.75246	116.33384	39.75246
116.33384	39.75246	116.33384	39.75246
116.34319	39.753	116.34319	39.753
116.34319	39.753	116.34319	39.753
116.2919	39.75303	116.2919	39.75303
116.2919	39.75303	116.2919	39.75303
116.2919	39.75303	116.2919	39.75303
116.75076	39.75422	116.75076	39.75422
116.7509	39.75432	116.7509	39.75432
116.50368	39.75505	116.50835	39.78626
116.30711	39.75516	116.30711	39.75516
116.53826	39.75533	116.54022	39.75916
116.54367	39.75586	116.54367	39.75586
116.54367	39.75586	116.54367	39.75586
116.5279	39.75616	116.5279	39.75616
116.15373	39.75681	116.11802	39.73112
116.54877	39.75729	116.54877	39.75729
116.71993	39.75839	116.69301	39.78083
116.49076	39.75863	116.49076	39.75863
116.49666	39.76014	116.49666	39.76014
116.49666	39.76014	116.49666	39.76014
116.49666	39.76014	116.49666	39.76014
116.48631	39.76061	116.49076	39.75863
116.32316	39.76189	116.32311	39.76195
116.33407	39.76212	116.33366	39.75273
116.0497	39.76231	116.09928	39.74161
116.20009	39.76277	116.36372	39.83054
116.44387	39.76292	116.44387	39.76292
116.44387	39.76292	116.44387	39.76292
116.44387	39.76292	116.44387	39.76292
116.53718	39.76302	116.54367	39.75586
116.68523	39.76307	116.68523	39.76307
116.68523	39.76307	116.68523	39.76307
116.68523	39.76307	116.68523	39.76307
116.79445	39.76416	116.79445	39.76416
116.79445	39.76416	116.79445	39.76416
116.79445	39.76416	116.79445	39.76416
116.26758	39.76871	116.21653	39.76416
116.78035	39.77041	116.78035	39.77041
116.78035	39.77041	116.78035	39.77041
116.86974	39.77256	116.86974	39.77256
116.31631	39.77333	116.30935	39.78521
116.3242	39.77612	116.32203	39.76129
116.42816	39.77834	116.39159	39.79121
116.78199	39.78263	116.78199	39.78263
116.78199	39.78263	116.78199	39.78263
116.34016	39.78374	116.31401	39.67402
116.45623	39.78691	116.39066	39.75985
116.55792	39.78794	116.55655	39.80101
116.64235	39.78864	116.64235	39.78864
116.64235	39.78864	116.64235	39.78864
116.64235	39.78864	116.64235	39.78864
116.77081	39.79048	116.77081	39.79048
116.77081	39.79048	116.77081	39.79048
116.77081	39.79048	116.77081	39.79048
116.49263	39.79065	116.47396	39.80041
116.65874	39.79131	116.71757	39.79418
116.82342	39.79145	116.82342	39.79145
116.82342	39.79145	116.82342	39.79145
116.82342	39.79145	116.82342	39.79145
116.35554	39.79211	116.35551	39.79226
116.35553	39.79224	116.3688	39.86248
116.68411	39.79264	116.68411	39.79264
116.68411	39.79264	116.68411	39.79264
116.68411	39.79264	116.68411	39.79264
116.52239	39.79321	116.53841	39.76177
116.71139	39.79431	116.71139	39.79431
116.71139	39.79431	116.71139	39.79431
116.34094	39.79473	116.32916	39.76402
116.29742	39.79633	116.28599	39.80641
116.44708	39.79664	116.44708	39.79664
116.44708	39.79664	116.44708	39.79664
116.44708	39.79664	116.44708	39.79664
116.41263	39.79723	116.39243	39.79292
116.34026	39.79724	116.33026	39.75677
116.50293	39.79744	116.50303	39.79735
116.44775	39.79811	116.44775	39.79811
116.44775	39.79811	116.44775	39.79811
116.44775	39.79811	116.44775	39.79811
116.33401	39.79911	116.33962	39.80559
116.57126	39.79962	116.57126	39.79962
116.57126	39.79962	116.57126	39.79962
116.57126	39.79962	116.57126	39.79962
116.41443	39.80019	116.41451	39.80027
116.55676	39.80068	116.55587	39.78701
116.57705	39.80072	116.57705	39.80072
116.57705	39.80072	116.57705	39.80072
116.57705	39.80072	116.57705	39.80072
116.57675	39.80184	116.63317	39.79465
116.37282	39.80273	116.37282	39.80273
116.37282	39.80273	116.37282	39.80273
116.19339	39.80285	116.19339	39.80285
116.19339	39.80285	116.19339	39.80285
116.19339	39.80285	116.19339	39.80285
116.43335	39.80351	116.41494	39.80195
116.45014	39.80428	116.44811	39.81872
115.96324	39.80484	115.9647	39.80498
116.15767	39.8049	116.15767	39.8049
116.43172	39.80511	116.43172	39.80511
116.43172	39.80511	116.43172	39.80511
116.43172	39.80511	116.43172	39.80511
115.96292	39.80534	115.96292	39.80534
116.41732	39.80632	116.41568	39.82481
116.49805	39.80662	116.49822	39.79178
115.96137	39.80706	115.96137	39.80706
116.21142	39.80738	116.21142	39.80738
116.21142	39.80738	116.21142	39.80738
116.21142	39.80738	116.21142	39.80738
116.15901	39.80874	116.20106	39.82209
116.42305	39.80904	116.41147	39.79997
116.7289	39.80907	116.7289	39.80907
116.46977	39.81021	116.46977	39.81021
116.45252	39.81086	116.45252	39.81086
116.45252	39.81086	116.45252	39.81086
116.43424	39.81124	116.44553	39.79292
116.82218	39.81252	116.82218	39.81252
116.82218	39.81252	116.82218	39.81252
116.29641	39.81325	116.33977	39.84397
116.65588	39.81361	116.65588	39.81361
116.65588	39.81361	116.65588	39.81361
116.65588	39.81361	116.65588	39.81361
116.42193	39.81464	116.41818	39.84455
116.28575	39.81532	116.28585	39.81541
116.14707	39.81583	116.33548	39.79094
115.93278	39.81641	115.93278	39.81641
115.93278	39.81641	115.93278	39.81641
116.31438	39.81773	116.30726	39.82535
116.01214	39.81786	116.01214	39.81786
116.01214	39.81786	116.01214	39.81786
116.01214	39.81786	116.01214	39.81786
116.48075	39.81818	116.42633	39.78644
116.4476	39.82015	116.44093	39.83609
116.42608	39.82056	116.42608	39.82056
116.42608	39.82056	116.42608	39.82056
116.28747	39.82077	116.28766	39.82089
116.33897	39.82171	116.33963	39.73139
116.32343	39.82184	116.32976	39.81956
116.29038	39.82384	116.28785	39.82032
116.29416	39.82423	116.42085	39.86061
116.82572	39.82475	116.82572	39.82475
116.27929	39.82525	116.27929	39.82525
116.5018	39.82564	116.5018	39.82564
116.5018	39.82564	116.5018	39.82564
116.5018	39.82564	116.5018	39.82564
116.45765	39.82604	116.45765	39.82604
116.4485	39.82617	116.44061	39.84085
116.44347	39.82648	116.43921	39.85217
116.44734	39.82797	116.47021	39.80904
116.28671	39.82805	116.28671	39.82805
116.28671	39.82805	116.28374	39.82832
116.47044	39.82846	116.47044	39.82846
116.47044	39.82846	116.47044	39.82846
116.46995	39.82872	116.46995	39.82872
116.46995	39.82872	116.46995	39.82872
116.46995	39.82872	116.46995	39.82872
116.46277	39.82881	116.46277	39.82881
116.46277	39.82881	116.46277	39.82881
116.30019	39.82902	116.36826	39.86336
116.76	39.82915	116.76	39.82915
116.51724	39.82918	116.45504	39.79081
116.28576	39.82927	116.29375	39.82898
116.33765	39.82948	116.33765	39.82948
116.33765	39.82948	116.33765	39.82948
116.32957	39.82958	116.29476	39.82411
116.34964	39.82961	116.39564	39.81124
116.34387	39.8298	116.34387	39.8298
116.46124	39.8298	116.46124	39.8298
116.46124	39.8298	116.46124	39.8298
116.46124	39.8298	116.46124	39.8298
116.36887	39.83012	116.28574	39.83153
116.371	39.83012	116.27755	39.85036
116.36976	39.83025	116.37719	39.86436
116.41572	39.83084	116.48399	39.89152
116.67243	39.83092	116.67243	39.83092
116.44264	39.83122	116.43263	39.85709
116.39755	39.83356	116.39755	39.83356
116.39755	39.83356	116.39755	39.83356
116.39755	39.83356	116.39755	39.83356
116.30671	39.8344	116.3037	39.82955
116.36462	39.83528	116.36491	39.83601
116.40906	39.83555	116.41804	39.81599
116.44089	39.83583	116.42881	39.88273
116.59137	39.83633	116.56787	39.80979
116.46588	39.83688	116.46588	39.83688
116.46614	39.83719	116.4668	39.83672
116.39397	39.83724	116.39397	39.83724
116.39397	39.83724	116.39397	39.83724
116.39397	39.83724	116.39397	39.83724
116.4671	39.83751	116.4671	39.83751
116.4671	39.83751	116.4671	39.83751
116.4671	39.83751	116.4671	39.83751
116.41387	39.83781	116.47047	39.82936
116.27992	39.83934	116.37385	39.83002
116.41582	39.8395	116.4159	39.83951
116.4158	39.83953	116.41987	39.83506
116.64173	39.83979	116.64173	39.83979
116.64173	39.83979	116.64202	39.83067
116.27965	39.8398	116.28209	39.83149
116.3396	39.8406	116.33876	39.81375
116.27582	39.84095	116.27582	39.84095
116.27582	39.84095	116.27582	39.84095
116.27582	39.84095	116.27582	39.84095
116.46201	39.84122	116.46201	39.84122
116.46201	39.84122	116.46201	39.84122
116.37249	39.8414	116.40991	39.81805
116.41379	39.84261	116.45602	39.83206
116.35302	39.84297	116.36426	39.84463
116.41052	39.84397	116.41576	39.84008
116.39341	39.84402	116.39094	39.83664
116.36428	39.84463	116.37498	39.85893
116.3438	39.84486	116.33767	39.8293
116.36518	39.84508	116.36518	39.84508
116.36518	39.84508	116.36518	39.84508
116.37355	39.84641	116.34211	39.86692
116.32647	39.84748	116.3571	39.84462
116.36507	39.84763	116.38506	39.85596
116.25612	39.84799	116.25612	39.84799
116.34159	39.84895	116.31137	39.8564
116.35336	39.8492	116.35336	39.8492
116.35336	39.8492	116.35336	39.8492
116.35336	39.8492	116.35336	39.8492
116.37139	39.84932	116.39673	39.83073
116.34308	39.84945	116.34284	39.89617
116.38241	39.8499	116.38241	39.8499
116.38241	39.8499	116.38241	39.8499
116.38241	39.8499	116.38241	39.8499
116.49425	39.85111	116.49425	39.85111
116.49425	39.85111	116.49425	39.85111
116.49425	39.85111	116.49425	39.85111
116.40263	39.85273	116.40263	39.85273
116.40263	39.85273	116.40263	39.85273
116.55922	39.85317	116.55865	39.86627
116.36973	39.85357	116.36973	39.85357
116.36973	39.85357	116.36973	39.85357
116.36973	39.85357	116.36973	39.85357
116.38135	39.8538	116.38128	39.85399
116.83406	39.85394	116.83406	39.85394
116.83401	39.85398	116.83401	39.85398
116.83401	39.85398	116.83401	39.85398
116.28155	39.85413	116.28155	39.85413
116.61354	39.85439	116.74959	39.82005
116.23817	39.85481	116.23817	39.85481
116.23817	39.85481	116.23817	39.85481
116.30431	39.85515	116.2954	39.85685
116.42522	39.85523	116.42522	39.85523
116.42522	39.85523	116.42522	39.85523
116.42522	39.85523	116.42522	39.85523
116.33706	39.85529	116.33706	39.85529
116.38725	39.85558	116.37599	39.96747
116.36705	39.85564	116.33165	39.86476
116.76928	39.85572	116.76928	39.85572
116.2952	39.85581	116.2952	39.85581
116.2952	39.85581	116.2952	39.85581
116.2952	39.85581	116.2952	39.85581
116.33873	39.85581	116.33898	39.8494
116.41356	39.85583	116.38168	39.85596
116.40558	39.85591	116.38965	39.85526
116.30047	39.8567	116.30047	39.8567
116.30047	39.8567	116.30021	39.85685
116.3721	39.8575	116.37172	39.86038
116.45417	39.85772	116.45417	39.85772
116.45417	39.85772	116.45417	39.85772
116.45417	39.85772	116.45417	39.85772
116.46647	39.85787	116.46719	39.88315
116.48089	39.858	116.50885	39.9065
116.38068	39.85819	116.37633	39.86448
116.47181	39.85851	116.47181	39.85851
116.47181	39.85851	116.47181	39.85851
116.47181	39.85851	116.47181	39.85851
116.40388	39.85866	116.40388	39.85866
116.50761	39.85904	116.50774	39.859
116.47663	39.85933	116.47663	39.85933
116.69278	39.85938	116.70314	39.84401
116.48091	39.86016	116.54845	39.86754
116.4809	39.8604	116.45118	39.86548
116.42532	39.86059	116.42429	39.86576
116.4487	39.86101	116.4816	39.8122
116.46599	39.86116	116.44284	39.85744
116.46598	39.86125	116.46132	39.87553
116.39282	39.86172	116.37673	39.86408
116.35842	39.86237	116.35802	39.87334
116.38096	39.86257	116.38706	39.88862
116.36915	39.86262	116.34924	39.86718
116.40149	39.86277	116.40149	39.86277
116.40149	39.86277	116.40149	39.86277
116.40149	39.86277	116.40149	39.86277
116.45051	39.86279	116.4911	39.80353
116.45408	39.86285	116.45408	39.86285
116.45408	39.86285	116.45408	39.86285
116.45408	39.86285	116.45408	39.86285
116.36927	39.86299	116.34109	39.86681
116.68063	39.86306	116.68063	39.86306
116.68063	39.86306	116.68063	39.86306
116.68063	39.86306	116.68063	39.86306
116.42023	39.86373	116.41235	39.89895
116.37647	39.86411	116.37647	39.86411
116.37667	39.86414	116.40412	39.8707
116.37679	39.86421	116.37756	39.86433
116.59093	39.86435	116.59093	39.86435
116.59093	39.86435	116.59093	39.86435
116.36802	39.86466	116.36802	39.86466
116.45224	39.86471	116.48658	39.82751
116.33165	39.86476	116.33165	39.86476
116.33165	39.86476	116.33165	39.86476
116.37144	39.86502	116.3638	39.86865
116.2941	39.8653	116.28887	39.89407
116.48192	39.86537	116.55384	39.76334
116.37255	39.86609	116.57502	39.81503
116.3545	39.86626	116.3545	39.86626
116.3545	39.86626	116.3545	39.86626
116.44637	39.86642	116.44637	39.86642
116.36502	39.86669	116.36502	39.86669
116.36509	39.86673	116.36509	39.86673
116.33961	39.86683	116.33008	39.86386
116.41535	39.86687	116.43023	39.86912
116.26785	39.86691	116.2759	39.86662
116.47111	39.867	116.47126	39.87333
116.4758	39.86702	116.45833	39.86678
116.37333	39.8672	116.37333	39.8672
116.56121	39.86721	116.47802	39.84629
116.47815	39.86726	116.47823	39.86733
116.35773	39.86739	116.36855	39.86278
116.3577	39.86744	116.36501	39.8684
116.47068	39.8678	116.47068	39.8678
116.47068	39.8678	116.47068	39.8678
116.47068	39.8678	116.47068	39.8678
116.5396	39.8679	116.60413	39.85826
116.54809	39.86794	116.54803	39.86796
116.21773	39.86796	116.17219	39.8588
116.40569	39.86797	116.40569	39.86797
116.40569	39.86797	116.40569	39.86797
116.40569	39.86797	116.40569	39.86797
116.41185	39.86821	116.41185	39.86821
116.41531	39.86848	116.42121	39.89221
116.34324	39.86849	116.32358	39.8887
116.66722	39.86862	116.6788	39.89212
116.50423	39.86888	116.50423	39.86888
116.46587	39.86908	116.50374	39.86938
116.37161	39.86911	116.42704	39.89944
116.37219	39.86913	116.43822	39.89085
116.39184	39.86916	116.39184	39.86916
116.39184	39.86916	116.39184	39.86916
116.39184	39.86916	116.39184	39.86916
116.42268	39.86954	116.43996	39.84667
116.47055	39.86996	116.56063	39.85799
116.50641	39.87004	116.4934	39.97228
116.4528	39.87013	116.44737	39.86065
116.47941	39.87014	116.4812	39.86327
116.47339	39.87019	116.45539	39.87555
116.38851	39.87026	116.33974	39.86871
116.39437	39.87047	116.37592	39.87749
116.64325	39.87194	116.64325	39.87194
116.64325	39.87194	116.64325	39.87194
116.64325	39.87194	116.64325	39.87194
116.47028	39.87225	116.47034	39.87249
116.52747	39.87227	116.52747	39.87227
116.52747	39.87227	116.52747	39.87227
116.52747	39.87227	116.52747	39.87227
116.47034	39.87249	116.47034	39.87249
116.67552	39.87257	116.68476	39.86979
116.44804	39.87268	116.44804	39.87268
116.44804	39.87268	116.44804	39.87268
116.44804	39.87268	116.44804	39.87268
116.47091	39.87331	116.47091	39.87331
116.21429	39.87378	116.21429	39.87378
116.36752	39.87434	116.37242	39.86583
116.69522	39.87451	116.69262	39.85966
116.45738	39.87463	116.45738	39.87463
116.45738	39.87463	116.45738	39.87463
116.34303	39.8757	116.372	39.86272
116.78473	39.87588	116.78473	39.87588
116.78473	39.87588	116.78473	39.87588
116.78473	39.87588	116.78473	39.87588
116.22523	39.876	116.21429	39.87378
116.34419	39.87663	116.32115	39.88872
116.35419	39.87671	116.35142	39.89958
116.66937	39.87736	116.74224	39.85359
116.37671	39.87786	116.37671	39.87786
116.34438	39.87878	116.34438	39.87878
116.34438	39.87878	116.34438	39.87878
116.34438	39.87878	116.34438	39.87878
116.54013	39.87902	116.54013	39.87902
116.54013	39.87902	116.54013	39.87902
116.54013	39.87902	116.54013	39.87902
116.44629	39.87922	116.44629	39.87922
116.34269	39.87942	116.37219	39.86258
116.52389	39.8803	116.52389	39.8803
116.52389	39.8803	116.52389	39.8803
116.26924	39.8807	116.27755	39.84373
116.6766	39.88105	116.6766	39.88105
116.26949	39.88127	116.26837	39.93623
116.36827	39.88159	116.35275	39.88325
116.46184	39.88234	116.46175	39.88229
116.36802	39.88256	116.35471	39.86617
116.31489	39.88261	116.32053	39.87909
116.46259	39.88271	116.46259	39.88271
116.3302	39.88288	116.34245	39.871
116.44875	39.88296	116.44875	39.88296
116.45399	39.88301	116.45684	39.88299
116.45811	39.88314	116.47072	39.90674
116.44816	39.88322	116.3888	39.8659
116.43937	39.88326	116.32135	39.88559
116.09413	39.88341	116.09413	39.88341
116.09413	39.88341	116.09413	39.88341
116.67574	39.88356	116.67574	39.88356
116.67574	39.88356	116.67574	39.88356
116.67574	39.88356	116.67574	39.88356
116.45502	39.88436	116.40847	39.85594
116.37869	39.88442	116.37003	39.90768
116.68378	39.8845	116.68378	39.8845
116.30756	39.88494	116.30415	39.91874
116.64358	39.88501	116.64358	39.88501
116.64358	39.88501	116.64358	39.88501
116.64358	39.88501	116.64358	39.88501
116.43851	39.88524	116.43851	39.88524
116.51523	39.88527	116.51523	39.88527
116.51523	39.88527	116.51523	39.88527
116.51523	39.88527	116.51523	39.88527
116.34402	39.88555	116.3957	39.96634
116.34396	39.8856	116.34647	39.89755
116.41744	39.88564	116.41744	39.88564
116.41744	39.88564	116.41744	39.88564
116.41726	39.88578	116.41726	39.88578
116.41726	39.88578	116.41726	39.88578
116.41726	39.88578	116.41726	39.88578
116.41742	39.88579	116.41742	39.88579
116.31042	39.88585	116.35305	39.88793
116.38692	39.88592	116.38692	39.88592
116.30769	39.88631	116.38366	39.86379
116.45456	39.88639	116.44065	39.84054
116.46107	39.88643	116.45581	39.91464
116.29258	39.88648	116.29251	39.8866
116.67846	39.88718	116.67846	39.88718
116.67846	39.88718	116.67846	39.88718
116.67846	39.88718	116.67846	39.88718
116.36186	39.88742	116.37471	39.88793
116.48325	39.88795	116.49414	39.89189
116.35939	39.88799	116.33201	39.88872
116.37642	39.88807	116.2629	39.94719
116.32027	39.88819	116.29851	39.88091
116.66292	39.8882	116.66292	39.8882
116.66292	39.8882	116.66292	39.8882
116.66292	39.8882	116.66292	39.8882
116.44768	39.88861	116.44768	39.88861
116.44768	39.88861	116.44768	39.88861
116.44768	39.88861	116.44768	39.88861
116.32665	39.88877	116.32665	39.88877
116.62305	39.88926	116.62305	39.88926
116.62305	39.88926	116.62305	39.88926
116.62305	39.88926	116.62305	39.88926
116.62848	39.88967	116.62848	39.88967
116.62848	39.88967	116.62848	39.88967
116.62848	39.88967	116.62848	39.88967
116.3045	39.88969	116.2974	39.90595
116.4089	39.89072	116.4089	39.89072
116.4089	39.89072	116.4089	39.89072
116.4089	39.89072	116.4089	39.89072
116.33906	39.89098	116.33906	39.89098
116.16718	39.89131	116.16718	39.89131
116.16718	39.89131	116.16718	39.89131
116.16718	39.89131	116.16718	39.89131
116.52066	39.89162	116.59116	39.89332
116.53331	39.89184	116.48352	39.88555
116.2194	39.89187	116.2194	39.89187
116.2194	39.89187	116.2194	39.89187
116.2194	39.89187	116.2194	39.89187
116.45456	39.89195	116.41732	39.85666
116.4532	39.89199	116.41249	39.89182
116.4757	39.892	116.46184	39.88234
116.47185	39.89201	116.46657	39.89067
116.4562	39.8922	116.48625	39.82781
116.45657	39.89222	116.37064	39.85191
116.54839	39.8923	116.54813	39.89323
116.36072	39.89232	116.3571	39.89574
116.46646	39.89237	116.44982	39.8627
116.48898	39.89244	116.47244	39.89203
116.32864	39.89258	116.33555	39.91264
116.48364	39.89267	116.51756	39.86882
116.43315	39.89315	116.433	39.86763
116.67854	39.89318	116.67854	39.89318
116.67854	39.89318	116.67854	39.89318
116.26628	39.89356	116.26628	39.89356
116.26628	39.89356	116.26628	39.89356
116.26628	39.89356	116.26628	39.89356
116.35042	39.89368	116.3571	39.88183
116.54113	39.89456	116.53721	39.92376
116.41241	39.89484	116.39816	39.8991
116.31357	39.89514	116.31662	39.89602
116.41258	39.89517	116.4108	39.9141
116.31354	39.89519	116.31354	39.89519
116.37335	39.8953	116.36817	39.88815
116.56396	39.89532	116.56396	39.89532
116.31639	39.89543	116.35482	39.98601
116.30759	39.89553	116.30759	39.89553
116.30759	39.89553	116.29195	39.90644
116.36022	39.89566	116.36022	39.89566
116.36022	39.89566	116.36022	39.89566
116.36022	39.89566	116.36022	39.89566
116.36022	39.89566	116.36022	39.89566
116.46668	39.89566	116.47608	39.89568
116.26484	39.89567	116.26484	39.89567
116.26484	39.89567	116.26484	39.89567
116.26484	39.89567	116.26484	39.89567
116.43782	39.89568	116.41255	39.95469
116.25552	39.89574	116.22988	39.90239
116.29402	39.89578	116.24741	39.89592
116.26393	39.89581	116.20966	39.89523
116.40765	39.89583	116.40752	39.89601
116.24805	39.89586	116.31346	39.89547
116.67113	39.89587	116.68619	39.89034
116.4655	39.89659	116.45554	39.89745
116.31247	39.89679	116.30422	39.91862
116.56194	39.89688	116.56194	39.89688
116.22169	39.89695	116.22178	39.89675
116.43722	39.89697	116.39306	39.87039
116.43648	39.89727	116.4547	39.87192
116.03616	39.89741	116.03616	39.89741
116.03616	39.89741	116.03616	39.89741
116.03616	39.89741	116.03616	39.89741
116.50156	39.89772	116.47412	39.87018
116.51803	39.89783	116.51803	39.89783
116.40891	39.89796	116.40891	39.89796
116.25906	39.89813	116.25906	39.89813
116.25906	39.89813	116.25906	39.89813
116.21088	39.89824	116.21374	39.89996
116.43202	39.8983	116.44467	39.87523
116.45515	39.89831	116.43018	39.90222
116.24708	39.8984	116.29337	39.89567
116.36386	39.89852	116.36386	39.89852
116.36386	39.89852	116.36386	39.89852
116.36386	39.89852	116.36386	39.89852
116.38492	39.89887	116.39339	39.86642
116.28777	39.89894	116.30832	39.89547
116.38401	39.89897	116.35717	39.8982
116.47435	39.89919	116.47435	39.89919
116.35708	39.89928	116.36811	39.88465
116.39884	39.8993	116.35066	39.90923
116.42946	39.89952	116.4059	39.89965
116.35728	39.89957	116.35728	39.89957
116.35728	39.89957	116.35728	39.89957
116.35728	39.89957	116.35728	39.89957
116.47156	39.90028	116.56578	39.88763
116.33187	39.9013	116.33598	39.90117
116.34198	39.90141	116.34198	39.90141
116.34198	39.90141	116.34198	39.90141
116.34198	39.90141	116.34198	39.90141
116.4974	39.90148	116.48865	39.89224
116.2466	39.90167	116.26773	39.88573
116.54903	39.90173	116.54903	39.90173
116.54903	39.90173	116.54903	39.90173
116.43005	39.90211	116.42138	39.93956
116.21411	39.90248	116.21415	39.90271
116.21717	39.90258	116.28739	39.86467
116.25022	39.9026	116.28379	39.95333
116.09804	39.90272	116.09804	39.90272
116.21418	39.90276	116.21418	39.90276
116.4536	39.90282	116.45128	39.90488
116.54488	39.90299	116.54508	39.90315
116.2468	39.90304	116.2552	39.89567
116.42084	39.90334	116.40473	39.92137
116.45763	39.90334	116.4549	39.88366
116.45744	39.90338	116.45387	39.89705
116.42126	39.90342	116.42139	39.90343
116.46621	39.90359	116.48571	39.90806
116.46667	39.90362	116.48595	39.90626
116.45519	39.90363	116.45247	39.8648
116.26757	39.90381	116.264	39.88247
116.33987	39.90391	116.34625	39.90659
116.46823	39.90391	116.46823	39.90391
116.34493	39.90392	116.2173	39.89596
116.38144	39.90393	116.38144	39.90393
116.63401	39.90404	116.68348	39.87011
116.42969	39.90414	116.40521	39.90613
116.58524	39.90426	116.57106	39.90863
116.48018	39.90432	116.51144	39.90647
116.4686	39.90438	116.46824	39.90395
116.2684	39.90478	116.26831	39.91078
116.35017	39.90509	116.33869	39.81969
116.45411	39.90518	116.46281	39.90696
116.49172	39.90525	116.49753	39.9057
116.61581	39.90526	116.66112	39.88406
116.49164	39.90533	116.49757	39.90576
116.53877	39.90534	116.48431	39.89404
116.4975	39.90561	116.4975	39.90561
116.37343	39.90567	116.43289	39.89429
116.45558	39.9058	116.46631	39.92175
116.3819	39.90583	116.44417	39.90235
116.38224	39.90584	116.4155	39.90686
116.34192	39.90587	116.35612	39.90576
116.35603	39.90598	116.31764	39.89551
116.42949	39.90598	116.40632	39.90678
116.33569	39.90606	116.35519	39.90583
116.27378	39.90611	116.30175	39.89543
116.28806	39.90616	116.31449	39.85252
116.53914	39.90616	116.54694	39.90869
116.33758	39.90626	116.34071	39.85242
116.50807	39.90644	116.52289	39.91563
116.30643	39.90645	116.28565	39.9091
116.57702	39.90649	116.57702	39.90649
116.57702	39.90649	116.57702	39.90649
116.57702	39.90649	116.57702	39.90649
116.45534	39.90657	116.38776	39.87016
116.57588	39.9066	116.57588	39.9066
116.57588	39.9066	116.57588	39.9066
116.47125	39.90661	116.53805	39.8918
116.65487	39.90671	116.65487	39.90671
116.72918	39.90673	116.72918	39.90673
116.44365	39.90698	116.46189	39.94981
116.4649	39.90699	116.41972	39.90371
116.42402	39.9071	116.40578	39.89965
116.48951	39.9071	116.47202	39.9084
116.42391	39.90717	116.42391	39.90717
116.42391	39.90717	116.42391	39.90717
116.42391	39.90717	116.42391	39.90717
116.43419	39.90727	116.41955	39.94155
116.46734	39.90747	116.48407	39.89928
116.5601	39.90753	116.5601	39.90753
116.5601	39.90753	116.5601	39.90753
116.46368	39.9083	116.47277	39.90977
116.35028	39.90842	116.33881	39.8908
116.45883	39.90861	116.44971	39.93243
116.42117	39.90869	116.38827	39.89891
116.57643	39.90886	116.64463	39.89147
116.28257	39.90897	116.28233	39.90886
116.21341	39.90901	116.21341	39.90901
116.41768	39.90925	116.41768	39.90925
116.41768	39.90925	116.41768	39.90925
116.10151	39.90927	116.10151	39.90927
116.47251	39.90949	116.44437	39.90264
116.59461	39.90952	116.57144	39.90469
116.32076	39.90967	116.33908	39.91102
116.47493	39.90974	116.4575	39.90727
116.48358	39.90997	116.48252	39.90639
116.3561	39.91032	116.3514	39.9107
116.24935	39.91076	116.24935	39.91076
116.24935	39.91076	116.24935	39.91076
116.24935	39.91076	116.24935	39.91076
116.24935	39.91076	116.24935	39.91076
116.62021	39.91092	116.62021	39.91092
116.62021	39.91092	116.62021	39.91092
116.62021	39.91092	116.62021	39.91092
116.3571	39.91124	116.20823	39.7865
116.30411	39.91125	116.24704	39.89593
116.40276	39.91133	116.40267	39.93163
116.52024	39.91191	116.53918	39.90296
116.69465	39.91197	116.69465	39.91197
116.69465	39.91197	116.69465	39.91197
116.43438	39.91199	116.45554	39.91495
116.43214	39.91201	116.43145	39.92108
116.45515	39.91207	116.45548	39.9106
116.34683	39.91216	116.35082	39.91975
116.44736	39.91227	116.46275	39.9153
116.33853	39.91262	116.35394	39.91346
116.61859	39.9128	116.65085	39.92134
116.24961	39.91286	116.24961	39.91286
116.24961	39.91286	116.24961	39.91286
116.24961	39.91286	116.24961	39.91286
116.2703	39.91307	116.26341	39.90631
116.45617	39.91314	116.44694	39.95748
116.42867	39.91331	116.45539	39.89206
116.42039	39.91359	116.4193	39.94121
116.35069	39.91372	116.34556	39.94182
116.50827	39.91402	116.50755	39.9147
116.40589	39.91411	116.41871	39.91409
116.44764	39.91412	116.43454	39.90722
116.54537	39.91413	116.54537	39.91413
116.54537	39.91413	116.54537	39.91413
116.54537	39.91413	116.54537	39.91413
116.35033	39.91415	116.33774	39.88852
116.4054	39.91423	116.36852	39.89844
116.36552	39.91442	116.36634	39.90637
116.50822	39.91442	116.50822	39.91442
116.50822	39.91442	116.50822	39.91442
116.50368	39.91477	116.51872	39.91605
116.5426	39.91484	116.52999	39.92223
116.55062	39.91484	116.55062	39.91484
116.30044	39.91488	116.30044	39.91488
116.30044	39.91488	116.30044	39.91488
116.30044	39.91488	116.30044	39.91488
116.49583	39.91489	116.47197	39.90947
116.24039	39.91492	116.27259	39.90614
116.51088	39.91513	116.52189	39.92252
116.59227	39.91533	116.59227	39.91533
116.59227	39.91533	116.59227	39.91533
116.59227	39.91533	116.59227	39.91533
116.58417	39.91536	116.58417	39.91536
116.58417	39.91536	116.58417	39.91536
116.58417	39.91536	116.58417	39.91536
116.45499	39.91537	116.45828	39.90939
116.42884	39.91588	116.44842	39.92152
116.49081	39.91616	116.49081	39.91616
116.49081	39.91616	116.49081	39.91616
116.49081	39.91616	116.49081	39.91616
116.26231	39.91634	116.26251	39.91633
116.35497	39.91661	116.35509	39.91616
116.4004	39.91665	116.38991	39.93594
116.42855	39.9169	116.43142	39.93968
116.36132	39.91705	116.36782	39.90697
116.45553	39.91719	116.45589	39.93928
116.35841	39.91747	116.34867	39.89692
116.50091	39.91772	116.50091	39.91772
116.50091	39.91772	116.50091	39.91772
116.50091	39.91772	116.50091	39.91772
116.43492	39.91791	116.43444	39.92587
116.50019	39.91828	116.50002	39.91818
116.49917	39.91844	116.49917	39.91844
116.49917	39.91844	116.49917	39.91844
116.49917	39.91844	116.49917	39.91844
116.2523	39.91897	116.2523	39.91897
116.2523	39.91897	116.2523	39.91897
116.2523	39.91897	116.2523	39.91897
116.63374	39.91939	116.71502	39.93999
116.35653	39.9197	116.36728	39.9212
116.45526	39.91985	116.45469	39.91618
116.35222	39.92003	116.35662	39.91892
116.46532	39.92041	116.46532	39.92041
116.46532	39.92041	116.46532	39.92041
116.46532	39.92041	116.46532	39.92041
116.47173	39.92051	116.47173	39.92051
116.47173	39.92051	116.47173	39.92051
116.47173	39.92051	116.47173	39.92051
116.26943	39.92088	116.26273	39.92311
116.48271	39.92143	116.48271	39.92143
116.36725	39.92147	116.36767	39.90661
116.52386	39.92163	116.52386	39.92163
116.52386	39.92163	116.52386	39.92163
116.4348	39.92172	116.42791	39.93672
116.43146	39.92173	116.45584	39.92589
116.50867	39.92181	116.52024	39.91254
116.4282	39.92194	116.42857	39.91441
116.39778	39.92221	116.39778	39.92221
116.39778	39.92221	116.39778	39.92221
116.39778	39.92221	116.39778	39.92221
116.3181	39.92227	116.34692	39.93896
116.51713	39.92239	116.51713	39.92239
116.51713	39.92239	116.51713	39.92239
116.51713	39.92239	116.51713	39.92239
116.29261	39.92275	116.3047	39.8812
116.3062	39.92285	116.33921	39.94769
116.42125	39.92312	116.39333	39.9221
116.33681	39.92315	116.33681	39.92315
116.33681	39.92315	116.33681	39.92315
116.33681	39.92315	116.33681	39.92315
116.43166	39.92322	116.41998	39.92289
116.25872	39.92335	116.26705	39.90618
116.19772	39.92358	116.19111	39.92309
116.25873	39.92368	116.25861	39.9146
116.34328	39.92369	116.35204	39.92148
116.34972	39.92401	116.35034	39.90299
116.25401	39.92424	116.25398	39.92778
116.35	39.92453	116.34862	39.96361
116.467	39.92465	116.46698	39.92464
116.42886	39.9251	116.44414	39.95268
116.60784	39.92536	116.59601	39.92492
116.48361	39.9255	116.49773	39.91704
116.6013	39.9255	116.6013	39.9255
116.6013	39.9255	116.6013	39.9255
116.22151	39.92554	116.27982	39.8251
116.6027	39.92586	116.6027	39.92586
116.6027	39.92586	116.6027	39.92586
116.6027	39.92586	116.6027	39.92586
116.48988	39.92593	116.48988	39.92593
116.48988	39.92593	116.48988	39.92593
116.10315	39.9264	116.0751	39.94223
116.18912	39.92676	116.18912	39.92676
116.18912	39.92676	116.18912	39.92676
116.18912	39.92676	116.18912	39.92676
116.27651	39.92689	116.27882	39.92846
116.36101	39.9271	116.33942	39.93118
116.51136	39.92736	116.51169	39.93556
116.41105	39.92791	116.41122	39.92326
116.39369	39.92846	116.39369	39.92846
116.39369	39.92846	116.39369	39.92846
116.39369	39.92846	116.39369	39.92846
116.4282	39.92849	116.44941	39.93261
116.44689	39.92851	116.43461	39.92402
116.42545	39.92884	116.39646	39.91887
116.46688	39.92886	116.46676	39.9288
116.39539	39.92901	116.39125	39.93931
116.32502	39.92912	116.26908	39.95737
116.32758	39.92973	116.34865	39.9312
116.49261	39.92992	116.49261	39.92992
116.49261	39.92992	116.49261	39.92992
116.49261	39.92992	116.49261	39.92992
116.18519	39.93016	116.17464	39.93386
116.57553	39.93054	116.57553	39.93054
116.26976	39.93103	116.29612	39.93109
116.3373	39.93112	116.35361	39.91729
116.36606	39.93113	116.3888	39.93196
116.3306	39.93122	116.42386	39.94912
116.58806	39.93124	116.58806	39.93124
116.58806	39.93124	116.58806	39.93124
116.58806	39.93124	116.58806	39.93124
116.49717	39.93179	116.49717	39.93179
116.49717	39.93179	116.49717	39.93179
116.49717	39.93179	116.49717	39.93179
116.33765	39.93187	116.33879	39.91042
116.48408	39.9319	116.45526	39.93072
116.39001	39.93194	116.42051	39.9324
116.38393	39.93198	116.36592	39.94651
116.39246	39.9321	116.36637	39.94758
116.45168	39.93223	116.48733	39.93255
116.48308	39.93229	116.48988	39.92593
116.45941	39.93238	116.46385	39.95057
116.44956	39.93241	116.42182	39.90346
116.48548	39.93251	116.48246	39.90741
116.53661	39.93251	116.54286	39.87991
116.29662	39.93273	116.29662	39.93273
116.29662	39.93273	116.29662	39.93273
116.66489	39.9328	116.66489	39.9328
116.66489	39.9328	116.66489	39.9328
116.66489	39.9328	116.66489	39.9328
116.18142	39.93322	116.31062	39.92254
116.17466	39.93362	116.18585	39.92875
116.35283	39.93432	116.35025	39.91695
116.41528	39.93466	116.41528	39.93466
116.41528	39.93466	116.41528	39.93466
116.42768	39.9349	116.42841	39.91994
116.42543	39.93516	116.42861	39.914
116.42728	39.9353	116.47364	39.89811
116.49719	39.9353	116.48021	39.9324
116.38985	39.93532	116.39995	39.92343
116.29737	39.93624	116.21171	39.90498
116.28975	39.93674	116.30371	39.92616
116.3374	39.93707	116.36945	39.94113
116.31344	39.93722	116.32708	39.93033
116.36237	39.93724	116.3641	39.96587
116.46861	39.93727	116.46841	39.9885
116.32023	39.93738	116.3786	39.96143
116.42763	39.9377	116.37292	39.9563
116.34173	39.93779	116.34173	39.93779
116.40728	39.93783	116.40728	39.93783
116.40728	39.93783	116.40728	39.93783
116.40728	39.93783	116.40728	39.93783
116.36765	39.93811	116.36765	39.93811
116.30183	39.93824	116.29038	39.94531
116.13917	39.93839	116.16909	39.92223
116.34828	39.93882	116.34828	39.93882
116.34828	39.93882	116.34828	39.93882
116.34828	39.93882	116.34828	39.93882
116.43826	39.93891	116.45538	39.92488
116.49258	39.93938	116.47245	39.92166
116.27548	39.93946	116.2768	39.90963
116.45565	39.94027	116.45869	39.94892
116.48384	39.94051	116.30955	39.96382
116.48384	39.94072	116.46984	39.96588
116.4415	39.94104	116.43322	39.93996
116.42747	39.94113	116.42859	39.92245
116.43246	39.94121	116.44419	39.93704
116.34889	39.9414	116.35271	39.93471
116.41955	39.94155	116.42249	39.9609
116.38776	39.94196	116.38776	39.94196
116.38776	39.94196	116.38776	39.94196
116.38776	39.94196	116.38776	39.94196
116.0751	39.94223	116.0751	39.94223
116.0751	39.94223	116.0751	39.94223
116.43298	39.94291	116.29753	39.94357
116.31912	39.94294	116.31912	39.94294
116.30386	39.94304	116.33569	39.84766
116.19779	39.94308	116.15701	39.92333
116.43306	39.94334	116.43306	39.94334
116.34374	39.94343	116.34851	39.96513
116.43187	39.94367	116.43187	39.94367
116.43187	39.94367	116.43187	39.94367
116.43187	39.94367	116.43187	39.94367
116.45719	39.94373	116.45727	39.9439
116.67387	39.94373	116.67387	39.94373
116.67387	39.94373	116.67387	39.94373
116.67387	39.94373	116.67387	39.94373
116.3038	39.94386	116.30407	39.89048
116.58073	39.94388	116.46565	39.90986
116.41923	39.94412	116.42754	39.92925
116.43501	39.94449	116.43501	39.94449
116.72907	39.9448	116.72907	39.9448
116.72907	39.9448	116.72907	39.9448
116.72907	39.9448	116.72907	39.9448
116.72867	39.94492	116.704	39.90231
116.7287	39.94496	116.72867	39.94492
116.44396	39.94498	116.43161	39.93241
116.29112	39.94541	116.38853	39.96174
116.72832	39.94549	116.72832	39.94549
116.54389	39.9455	116.54389	39.9455
116.31843	39.94569	116.34939	39.93168
116.64471	39.94571	116.64471	39.94571
116.64471	39.94571	116.64471	39.94571
116.64471	39.94571	116.64471	39.94571
116.45551	39.94636	116.45551	39.94636
116.36526	39.94668	116.36454	39.96087
116.44641	39.94671	116.43347	39.94336
116.42781	39.94694	116.38855	39.9477
116.45003	39.94724	116.43349	39.95667
116.36542	39.94725	116.35002	39.92331
116.37849	39.94732	116.37319	39.93696
116.3653	39.94739	116.34914	39.93107
116.36988	39.94745	116.35304	39.92975
116.5798	39.94759	116.5917	40.00836
116.37924	39.94762	116.36278	39.96657
116.40383	39.94768	116.4397	39.93522
116.45547	39.94771	116.45554	39.93511
116.55204	39.94772	116.55204	39.94772
116.55204	39.94772	116.55204	39.94772
116.39957	39.94778	116.37417	39.94848
116.40155	39.9478	116.41889	39.8943
116.43525	39.94815	116.43525	39.94815
116.43525	39.94815	116.43525	39.94815
116.43525	39.94815	116.43525	39.94815
116.41948	39.94821	116.4277	39.93388
116.46228	39.94858	116.44465	39.96493
116.45835	39.94878	116.36229	39.96654
116.43398	39.94933	116.43827	39.94247
116.34964	39.9494	116.34997	39.92489
116.46128	39.9497	116.48074	39.95628
116.3739	39.94978	116.37281	39.97397
116.3197	39.95034	116.30935	39.9466
116.35987	39.95123	116.34948	39.95083
116.27441	39.95133	116.27933	39.95578
116.45454	39.95145	116.45454	39.95145
116.45454	39.95145	116.45454	39.95145
116.45454	39.95145	116.45454	39.95145
116.45616	39.9516	116.41597	39.96776
116.30315	39.95183	116.3171	39.93103
116.51639	39.95221	116.5357	39.96464
116.41618	39.95274	116.45083	39.95435
116.27343	39.95281	116.32738	39.93203
116.26943	39.95282	116.31712	40.07503
116.45371	39.95293	116.45553	39.93876
116.34919	39.95301	116.34423	39.972
116.45274	39.95349	116.40517	39.97092
116.35286	39.9537	116.35286	39.9537
116.35533	39.95508	116.35892	39.99104
116.42604	39.95553	116.42596	39.95562
116.33269	39.95559	116.33269	39.95559
116.33269	39.95559	116.33269	39.95559
116.34025	39.95573	116.34379	39.94385
116.34024	39.95576	116.34024	39.95576
116.28175	39.95605	116.39007	39.96713
116.44626	39.95608	116.44626	39.95608
116.36499	39.95615	116.32764	39.96977
116.28388	39.95623	116.30317	39.95766
116.50184	39.95623	116.48464	40.00603
116.50029	39.95643	116.50029	39.95643
116.50029	39.95643	116.50029	39.95643
116.50029	39.95643	116.50029	39.95643
116.22379	39.9569	116.26439	39.94512
116.41892	39.95705	116.42629	39.95823
116.50064	39.95738	116.51117	39.94043
116.33955	39.95755	116.33955	39.95755
116.33955	39.95755	116.33682	39.95676
116.44841	39.9576	116.47575	40.0736
116.2916	39.95768	116.2918	39.96698
116.40697	39.95775	116.41905	39.95138
116.54114	39.95789	116.54127	39.95518
116.40173	39.9579	116.39493	39.99319
116.42637	39.95817	116.4149	39.96796
116.4598	39.95827	116.4441	39.92691
116.41216	39.95849	116.42564	39.93762
116.30241	39.9587	116.36885	39.96651
116.44464	39.95887	116.37774	39.96698
116.56694	39.9589	116.58307	39.93766
116.24206	39.95895	116.24206	39.95895
116.37307	39.95917	116.36449	39.96676
116.30188	39.95925	116.30404	39.91943
116.38064	39.95926	116.37484	39.96156
116.57636	39.95972	116.53908	39.95937
116.37355	39.96013	116.37355	39.96013
116.37355	39.96013	116.37355	39.96013
116.37355	39.96013	116.37355	39.96013
116.65049	39.96014	116.65049	39.96014
116.65049	39.96014	116.65049	39.96014
116.49121	39.96027	116.49121	39.96027
116.41188	39.96033	116.38861	39.96392
116.39921	39.9607	116.38967	39.96183
116.31678	39.96089	116.31678	39.96089
116.31678	39.96089	116.31678	39.96089
116.43041	39.96106	116.43041	39.96106
116.43041	39.96106	116.43041	39.96106
116.43041	39.96106	116.43041	39.96106
116.49005	39.96111	116.49433	39.96425
116.37335	39.96116	116.37232	39.94831
116.33657	39.9615	116.33764	39.95679
116.2719	39.96269	116.26889	39.94961
116.30027	39.96338	116.30027	39.96338
116.30027	39.96338	116.30027	39.96338
116.30027	39.96338	116.30027	39.96338
116.24166	39.96347	116.28902	39.98207
116.37357	39.96359	116.37247	39.95004
116.32043	39.96373	116.32043	39.96373
116.65347	39.9639	116.64868	39.99724
116.49435	39.96432	116.49435	39.96432
116.53781	39.9648	116.54121	39.94137
116.48441	39.965	116.49526	39.94415
116.51352	39.96502	116.4865	39.9752
116.5145	39.96509	116.5145	39.96509
116.6533	39.96547	116.63777	40.03373
116.31686	39.9656	116.32301	39.96592
116.3243	39.96585	116.3516	39.96632
116.5413	39.96599	116.51153	39.94916
116.32274	39.96601	116.37404	39.9672
116.37166	39.96621	116.37166	39.96621
116.37166	39.96621	116.37166	39.96621
116.37166	39.96621	116.37166	39.96621
116.34065	39.96635	116.30383	39.93343
116.36072	39.96647	116.3166	39.95841
116.34715	39.96651	116.37347	39.96257
116.32876	39.96659	116.30405	39.93068
116.33302	39.96693	116.34758	39.95985
116.34668	39.967	116.3572	39.89255
116.3922	39.96735	116.43984	39.96165
116.38181	39.96766	116.38181	39.96766
116.40078	39.96768	116.36495	39.96683
116.37257	39.9677	116.37257	39.9677
116.37257	39.9677	116.37257	39.9677
116.37257	39.9677	116.37257	39.9677
116.42392	39.96827	116.41794	39.98392
116.42889	39.96828	116.46059	40.02913
116.37462	39.96869	116.37462	39.96869
116.37462	39.96869	116.37462	39.96869
116.44419	39.96892	116.44419	39.96892
116.36467	39.96941	116.36467	39.96941
116.36467	39.96941	116.36467	39.96941
116.36467	39.96941	116.36467	39.96941
116.37482	39.96971	116.37193	39.98762
116.46514	39.96971	116.45115	39.99045
116.37485	39.96998	116.35005	40.01854
116.75012	39.97042	116.75012	39.97042
116.75012	39.97042	116.75012	39.97042
116.75012	39.97042	116.75012	39.97042
116.68531	39.9705	116.68531	39.9705
116.68531	39.9705	116.68531	39.9705
116.68531	39.9705	116.68531	39.9705
116.46027	39.97087	116.46027	39.97087
116.40582	39.97088	116.39098	39.96744
116.49346	39.97092	116.47131	39.94935
116.34684	39.97164	116.34941	39.94158
116.42261	39.97223	116.41824	39.98238
116.35946	39.97227	116.35946	39.97227
116.50161	39.97247	116.52332	40.00944
116.49691	39.97249	116.48016	39.96986
116.31918	39.97288	116.31918	39.97288
116.31918	39.97288	116.31918	39.97288
116.31216	39.97328	116.32032	39.98314
116.4281	39.97332	116.43086	40.04987
116.29628	39.97345	116.30214	39.98356
116.41119	39.97401	116.41119	39.97401
116.41119	39.97401	116.41119	39.97401
116.41119	39.97401	116.41119	39.97401
116.32381	39.97512	116.32385	39.97528
116.3553	39.97515	116.3553	39.97515
116.3553	39.97515	116.3553	39.97515
116.33149	39.97521	116.35854	39.97518
116.35139	39.97528	116.34585	39.97532
116.36351	39.97531	116.35794	39.98043
116.34585	39.97532	116.36831	39.8421
116.3241	39.97544	116.32427	39.97547
116.3242	39.97574	116.3242	39.97545
116.39906	39.97581	116.39505	39.99357
116.45376	39.9763	116.28847	39.98223
116.47929	39.97632	116.47972	39.97392
116.42896	39.97633	116.42896	39.97633
116.4116	39.97637	116.40975	39.97577
116.47587	39.97648	116.42348	39.98767
116.47092	39.9769	116.42365	39.96816
116.3636	39.97823	116.38101	39.99578
116.48378	39.97853	116.49737	39.97507
116.51657	39.97897	116.51657	39.97897
116.51657	39.97897	116.51657	39.97897
116.49298	39.97911	116.5016	39.98687
116.49162	39.97919	116.47787	39.98228
116.41801	39.97924	116.43906	39.98959
116.65105	39.97945	116.64925	39.94924
116.4835	39.97958	116.48375	39.96842
116.24846	39.97962	116.28766	39.95342
116.49768	39.98019	116.49768	39.98019
116.41794	39.98023	116.41785	39.98147
116.43165	39.98043	116.43165	39.98043
116.39507	39.98046	116.39507	39.98046
116.36908	39.98065	116.35293	39.98028
116.37719	39.98096	116.37735	39.9761
116.30204	39.9813	116.26523	40.01126
116.49763	39.98143	116.49743	39.98122
116.48352	39.98168	116.49309	39.97298
116.31933	39.98252	116.33518	39.98483
116.2995	39.98262	116.33595	39.98491
116.30463	39.9827	116.32114	39.98268
116.30288	39.98277	116.30253	39.98225
116.46663	39.98279	116.46662	39.99014
116.2938	39.98283	116.31398	39.96816
116.47701	39.98287	116.45854	39.97638
116.30739	39.98288	116.26516	40.03317
116.307	39.98289	116.30839	39.98221
116.47767	39.98293	116.42892	39.94818
116.29693	39.98341	116.30218	39.97907
116.29286	39.98353	116.31842	39.98441
116.64307	39.98382	116.64307	39.98382
116.64307	39.98382	116.64307	39.98382
116.64307	39.98382	116.64307	39.98382
116.64801	39.98395	116.64801	39.98395
116.64801	39.98395	116.64801	39.98395
116.3139	39.98404	116.34701	39.99141
116.31451	39.98406	116.37412	39.98587
116.44145	39.98465	116.44145	39.98465
116.44145	39.98465	116.44145	39.98465
116.44145	39.98465	116.44145	39.98465
116.3272	39.98486	116.31049	39.98186
116.3277	39.985	116.30993	39.98969
116.48001	39.98508	116.45441	39.96205
116.34286	39.98516	116.33867	40.0063
116.43218	39.98517	116.43218	39.98517
116.43218	39.98517	116.43218	39.98517
116.43218	39.98517	116.43218	39.98517
116.34776	39.98532	116.28871	39.95093
116.33327	39.98546	116.33339	39.98547
116.33443	39.98567	116.34343	39.97996
116.46022	39.98587	116.46022	39.98587
116.46022	39.98587	116.46022	39.98587
116.46022	39.98587	116.46022	39.98587
116.37946	39.986	116.37962	39.98594
116.38013	39.98607	116.41815	39.98474
116.33017	39.98614	116.32761	39.97361
116.38103	39.98622	116.42437	39.98758
116.37127	39.98627	116.33909	39.98543
116.37795	39.98627	116.41771	39.98428
116.38549	39.98652	116.47153	39.97724
116.39518	39.98663	116.34348	39.96645
116.37984	39.98666	116.33067	39.98507
116.37858	39.98669	116.41641	39.96787
116.49697	39.98669	116.5044	39.98842
116.43845	39.9868	116.45805	40.00719
116.38929	39.98682	116.40252	40.02046
116.29922	39.98689	116.29922	39.98689
116.20696	39.98724	116.20696	39.98724
116.20696	39.98724	116.20696	39.98724
116.48157	39.98734	116.50855	40.01031
116.46565	39.98738	116.46917	39.99074
116.29353	39.9876	116.25859	40.00478
116.46602	39.98774	116.48082	39.98671
116.29351	39.98798	116.28045	40.00775
116.36824	39.98878	116.3777	39.99279
116.32115	39.98899	116.32115	39.98899
116.32115	39.98899	116.32115	39.98899
116.32115	39.98899	116.32115	39.98899
116.47444	39.98913	116.48235	39.98081
116.48583	39.99043	116.49726	39.97909
116.32664	39.99049	116.30994	39.98919
116.34612	39.99192	116.34623	40.01091
116.34753	39.99192	116.35054	39.98585
116.34748	39.99211	116.32556	39.99235
116.35341	39.99215	116.3731	39.95311
116.32533	39.99225	116.3252	39.99218
116.28982	39.99235	116.25284	40.04365
116.36952	39.99261	116.37432	39.99612
116.57825	39.9927	116.57528	40.04278
116.3804	39.99274	116.3474	39.98118
116.36962	39.99317	116.331	40.0259
116.40118	39.99329	116.45128	40.00683
116.39929	39.99345	116.39953	39.99075
116.41782	39.99386	116.44932	39.95553
116.42432	39.99415	116.42432	39.99415
116.47823	39.99433	116.46328	39.97985
116.42406	39.99471	116.42422	39.99473
116.34672	39.99483	116.34705	39.96982
116.39814	39.99504	116.39814	39.99504
116.39814	39.99504	116.39814	39.99504
116.39814	39.99504	116.39814	39.99504
116.27835	39.99544	116.26527	40.0116
116.45064	39.99572	116.34985	39.98564
116.35881	39.99575	116.33233	39.99168
116.4765	39.99618	116.48151	40.00484
116.40149	39.99648	116.40324	40.02431
116.4845	39.99651	116.4845	39.99651
116.35536	39.99696	116.35536	39.99696
116.35536	39.99696	116.35536	39.99696
116.35536	39.99696	116.35536	39.99696
116.35868	39.99729	116.33995	40.01509
116.37417	39.9979	116.37417	39.9979
116.45288	39.99837	116.45288	39.99837
116.45288	39.99837	116.45288	39.99837
116.45288	39.99837	116.45288	39.99837
116.49592	39.99859	116.49592	39.99859
116.49592	39.99859	116.49592	39.99859
116.6485	39.9987	116.63387	40.04447
116.49604	39.99875	116.49604	39.99875
116.41845	39.99881	116.42261	39.97223
116.37053	39.99943	116.37053	39.99943
116.37053	39.99943	116.37053	39.99943
116.37053	39.99943	116.37053	39.99943
116.49225	39.99954	116.52042	39.96415
116.34348	39.99972	116.33726	39.99955
116.64833	39.99973	116.63398	40.04428
116.34949	39.99975	116.3733	39.95476
116.36792	40.00022	116.40048	40.00147
116.4615	40.00057	116.46849	39.99503
116.46573	40.00057	116.46573	40.00057
116.38071	40.00073	116.36211	39.93488
116.38907	40.00104	116.37489	40.00058
116.49052	40.00132	116.54338	39.94023
116.55034	40.00158	116.55034	40.00158
116.55034	40.00158	116.55034	40.00158
116.55034	40.00158	116.55034	40.00158
116.57536	40.0025	116.57536	40.0025
116.57536	40.0025	116.57536	40.0025
116.57536	40.0025	116.57536	40.0025
116.36242	40.00253	116.36242	40.00253
116.36242	40.00253	116.36242	40.00253
116.36242	40.00253	116.36242	40.00253
116.49188	40.00286	116.48634	39.99614
116.40435	40.00289	116.33368	40.02331
116.25109	40.00293	116.20696	39.98724
116.44604	40.0033	116.46249	39.99251
116.25105	40.00337	116.26913	39.9594
116.4881	40.00364	116.60685	40.05205
116.36105	40.00409	116.32338	40.05346
116.49961	40.00427	116.49961	40.00427
116.69567	40.00464	116.69567	40.00464
116.69567	40.00464	116.69567	40.00464
116.49835	40.0048	116.49835	40.0048
116.49835	40.0048	116.49835	40.0048
116.49835	40.0048	116.49835	40.0048
116.37014	40.00496	116.37661	39.98101
116.55921	40.00507	116.55921	40.00507
116.55921	40.00507	116.55921	40.00507
116.56047	40.00544	116.56047	40.00544
116.56047	40.00544	116.56047	40.00544
116.51491	40.00546	116.51491	40.00546
116.33523	40.00557	116.33523	40.00557
116.49908	40.00564	116.49908	40.00564
116.49908	40.00564	116.49908	40.00564
116.50423	40.00605	116.5598	40.00272
116.48519	40.00617	116.48519	40.00617
116.48519	40.00617	116.48519	40.00617
116.50334	40.00627	116.43233	39.94823
116.33867	40.0063	116.33848	40.00818
116.4855	40.00635	116.53528	40.02297
116.45188	40.00736	116.43656	39.97001
116.40169	40.00755	116.37209	40.02169
116.72779	40.00778	116.72779	40.00778
116.72779	40.00778	116.72779	40.00778
116.72779	40.00778	116.72779	40.00778
116.50297	40.00786	116.50297	40.00786
116.35798	40.00799	116.42564	39.98769
116.36903	40.00822	116.35624	40.01244
116.38031	40.00824	116.38031	40.00824
116.38031	40.00824	116.38031	40.00824
116.38031	40.00824	116.38031	40.00824
116.36381	40.00835	116.34636	40.00156
116.41001	40.00839	116.41951	39.99936
116.50604	40.00845	116.57424	40.04245
116.3984	40.00847	116.39808	40.00846
116.54578	40.00875	116.54578	40.00875
116.50855	40.01031	116.50855	40.01031
116.51877	40.01075	116.51877	40.01075
116.51877	40.01075	116.51877	40.01075
116.51877	40.01075	116.51877	40.01075
116.50973	40.01106	116.50973	40.01106
116.50973	40.01106	116.50973	40.01106
116.50973	40.01106	116.50973	40.01106
116.51865	40.01108	116.51865	40.01108
116.51865	40.01108	116.51865	40.01108
116.51865	40.01108	116.51865	40.01108
116.59328	40.01109	116.59328	40.01109
116.59328	40.01109	116.59328	40.01109
116.59328	40.01109	116.59328	40.01109
116.50684	40.01119	116.50277	40.00784
116.63763	40.01146	116.63763	40.01146
116.63763	40.01146	116.63763	40.01146
116.63763	40.01146	116.63763	40.01146
116.50986	40.01193	116.58276	40.07938
116.34589	40.01243	116.36887	39.99311
116.51755	40.01289	116.51755	40.01289
116.51755	40.01289	116.51755	40.01289
116.47581	40.01336	116.4628	40.01918
116.46605	40.01376	116.50257	40.00683
116.46942	40.01396	116.46106	40.01023
116.72247	40.01433	116.72247	40.01433
116.72247	40.01433	116.72247	40.01433
116.72247	40.01433	116.72247	40.01433
116.35677	40.01448	116.35677	40.01448
116.35677	40.01448	116.35677	40.01448
116.26533	40.01496	116.26535	40.01486
116.67288	40.01536	116.67288	40.01536
116.67288	40.01536	116.67288	40.01536
116.4608	40.01576	116.50959	40.21109
116.34043	40.01602	116.32709	39.98642
116.33882	40.01664	116.32474	40.02688
116.51197	40.01679	116.51197	40.01679
116.51197	40.01679	116.51197	40.01679
116.51197	40.01679	116.51197	40.01679
116.51332	40.01693	116.51332	40.01693
116.51332	40.01693	116.51332	40.01693
116.51332	40.01693	116.51332	40.01693
116.27923	40.01698	116.30163	40.02444
116.51433	40.01786	116.51433	40.01786
116.51433	40.01786	116.51433	40.01786
116.55477	40.01793	116.55087	40.02239
116.46478	40.01936	116.43101	39.98803
116.51594	40.01988	116.51594	40.01988
116.51594	40.01988	116.51594	40.01988
116.51594	40.01988	116.51594	40.01988
116.43348	40.01994	116.42114	40.04022
116.32391	40.02035	116.28857	40.0437
116.53112	40.02147	116.59831	40.04581
116.36276	40.02162	116.28551	40.01304
116.35305	40.02167	116.30441	40.04465
116.35032	40.0217	116.28364	40.07686
116.51629	40.02238	116.51629	40.02238
116.51629	40.02238	116.51629	40.02238
116.51629	40.02238	116.51629	40.02238
116.45266	40.0228	116.25193	40.04227
116.52259	40.02394	116.46508	39.93368
116.33099	40.0261	116.30187	40.03667
116.32381	40.02792	116.32381	40.02792
116.34734	40.02881	116.35682	40.01434
116.35324	40.02914	116.35324	40.02914
116.35324	40.02914	116.35324	40.02914
116.35324	40.02914	116.35324	40.02914
116.55564	40.02978	116.60721	40.0523
116.26539	40.03033	116.26505	40.04215
116.55727	40.03073	116.46278	40.01388
116.26702	40.03084	116.24172	40.06596
116.29278	40.03117	116.29884	40.02429
116.50301	40.03273	116.50301	40.03273
116.50301	40.03273	116.50301	40.03273
116.50301	40.03273	116.50301	40.03273
116.43195	40.03288	116.43199	40.03285
116.6332	40.03331	116.6332	40.03331
116.3175	40.03333	116.28353	40.09146
116.35043	40.03387	116.35043	40.03387
116.35043	40.03387	116.35043	40.03387
116.35043	40.03387	116.35043	40.03387
116.53236	40.03429	116.51327	40.04084
116.56454	40.03454	116.52849	40.02066
116.3174	40.03489	116.32892	39.99581
116.36264	40.03489	116.26509	40.04205
116.3173	40.0352	116.34556	40.02013
116.65986	40.03524	116.85235	40.05606
116.34829	40.03568	116.38912	39.99658
116.52851	40.03586	116.52851	40.03586
116.52851	40.03586	116.52851	40.03586
116.52851	40.03586	116.52851	40.03586
116.32985	40.0359	116.30932	40.0373
116.33409	40.03705	116.42863	40.06398
116.26898	40.03765	116.38139	39.98019
116.54339	40.03877	116.60712	40.05257
116.22529	40.04054	116.15903	40.0618
116.5023	40.04081	116.5023	40.04081
116.5023	40.04081	116.5023	40.04081
116.5023	40.04081	116.5023	40.04081
116.42023	40.0409	116.42023	40.0409
116.42023	40.0409	116.42023	40.0409
116.42023	40.0409	116.42023	40.0409
116.66003	40.04103	116.66003	40.04103
116.66003	40.04103	116.66003	40.04103
116.29756	40.04109	116.29756	40.04109
116.66008	40.04112	116.66008	40.04112
116.26524	40.04129	116.26538	40.04128
116.40674	40.04289	116.41051	40.07035
116.43162	40.04352	116.43551	40.04346
116.2647	40.04433	116.25257	40.04215
116.49899	40.04446	116.49899	40.04446
116.49899	40.04446	116.49899	40.04446
116.49899	40.04446	116.49899	40.04446
116.32967	40.04502	116.32458	40.07851
116.59739	40.04504	116.59739	40.04504
116.61123	40.0452	116.61123	40.0452
116.61123	40.0452	116.61123	40.0452
116.49895	40.04531	116.49895	40.04531
116.57909	40.04534	116.58208	40.06573
116.30361	40.04558	116.25486	40.08983
116.59694	40.04583	116.6332	40.03331
116.57835	40.0461	116.58226	40.06472
116.28237	40.04626	116.28237	40.04626
116.62017	40.04657	116.60742	40.05232
116.61221	40.04666	116.59579	40.04353
116.61268	40.0484	116.61268	40.0484
116.61268	40.0484	116.61123	40.05295
116.15272	40.0486	116.15272	40.0486
116.15272	40.0486	116.15272	40.0486
116.15272	40.0486	116.15272	40.0486
116.81611	40.0497	116.7973	40.07608
116.6128	40.04973	116.6128	40.04973
116.61201	40.05009	116.61201	40.05009
116.61166	40.05017	116.61166	40.05017
116.31826	40.05021	116.32693	40.03939
116.60699	40.05028	116.43793	39.94981
116.61222	40.05028	116.61222	40.05028
116.61222	40.05028	116.59044	40.00645
116.6119	40.05029	116.60707	40.05297
116.61248	40.05041	116.61248	40.05041
116.61212	40.05045	116.61212	40.05045
116.23342	40.05073	116.23342	40.05073
116.23342	40.05073	116.23342	40.05073
116.23342	40.05073	116.23342	40.05073
116.14897	40.05087	116.14898	40.0509
116.61064	40.05121	116.42358	39.98789
116.60707	40.0516	116.60707	40.0516
116.60707	40.0516	116.60707	40.0516
116.60625	40.05192	116.60625	40.05192
116.60703	40.05204	116.61085	40.0419
116.60767	40.05219	116.60767	40.05219
116.60675	40.05228	116.60675	40.05228
116.60721	40.0523	116.60721	40.0523
116.60732	40.0523	116.60732	40.0523
116.60675	40.05233	116.60675	40.05233
116.60723	40.05235	116.60723	40.05235
116.60728	40.05237	116.60728	40.05237
116.60763	40.05244	116.60763	40.05244
116.6076	40.05248	116.60838	40.05286
116.60754	40.0525	116.60754	40.0525
116.60746	40.05257	116.60746	40.05257
116.60731	40.05259	116.60731	40.05259
116.60668	40.0526	116.60668	40.0526
116.60698	40.05266	116.60698	40.05266
116.60765	40.05284	116.60765	40.05284
116.61073	40.05313	116.58275	40.05795
116.60748	40.05422	116.60748	40.05422
116.58413	40.05482	116.54725	40.02738
116.58321	40.05711	116.60966	40.05259
116.42007	40.05888	116.61311	40.05065
116.57468	40.06009	116.60085	40.04514
116.32935	40.06129	116.32935	40.06129
116.32935	40.06129	116.32935	40.06129
116.32935	40.06129	116.32935	40.06129
116.42955	40.06172	116.42955	40.06172
116.42955	40.06172	116.42955	40.06172
116.42955	40.06172	116.42955	40.06172
116.76478	40.06257	116.76478	40.06257
116.76478	40.06257	116.75308	40.06351
116.57726	40.06275	116.58046	40.07551
116.58244	40.06336	116.58175	40.06756
116.76469	40.06398	116.76469	40.06398
116.76469	40.06398	116.76469	40.06398
116.76469	40.06398	116.76469	40.06398
116.43439	40.06404	116.43439	40.06404
116.43439	40.06404	116.43439	40.06404
116.43439	40.06404	116.43439	40.06404
116.58231	40.0648	116.58191	40.06737
116.58219	40.06506	116.582	40.06636
116.582	40.06601	116.58184	40.06717
116.58198	40.06614	116.58144	40.06962
116.58195	40.06628	116.58176	40.06748
116.582	40.06636	116.58148	40.0695
116.40612	40.06649	116.4571	40.05607
116.58235	40.06707	116.58869	40.00179
116.58177	40.06741	116.58149	40.06927
116.54981	40.0678	116.605	40.11656
116.58158	40.06849	116.58121	40.07108
116.58154	40.0691	116.58123	40.07091
116.58139	40.06993	116.58168	40.07491
116.44368	40.07121	116.44368	40.07121
116.58112	40.07168	116.58126	40.07475
116.58101	40.07248	116.58126	40.07455
116.91434	40.07391	116.93419	40.09593
116.58061	40.07453	116.58149	40.07466
116.58126	40.07455	116.58126	40.07455
116.58122	40.07464	116.58122	40.07464
116.58178	40.07471	116.58178	40.07471
116.58162	40.07492	116.5874	40.07878
116.58127	40.07583	116.58127	40.07583
116.2503	40.07585	116.27318	40.08798
116.58154	40.07596	116.5828	40.06451
116.96874	40.07697	116.91617	40.09849
116.36146	40.07735	116.36048	40.07079
116.58559	40.07818	116.54542	40.06552
116.58671	40.07829	116.51309	40.01973
116.58686	40.07833	116.56131	40.03264
116.58248	40.07856	116.58196	40.07848
116.58687	40.07879	116.43772	39.90326
116.58659	40.07895	116.60684	40.05243
116.26242	40.07971	116.26889	40.06427
116.58576	40.07977	116.57637	40.08142
117.00621	40.08001	117.00621	40.08001
116.24046	40.08129	116.29777	40.05023
116.46255	40.08256	116.55477	40.06264
117.03396	40.08286	117.03396	40.08286
117.03396	40.08286	117.03396	40.08286
117.03396	40.08286	117.03396	40.08286
116.94675	40.08302	116.85244	40.07304
116.66255	40.08484	116.66255	40.08484
116.66255	40.08484	116.66255	40.08484
116.66255	40.08484	116.66255	40.08484
116.43294	40.08605	116.43294	40.08605
116.43294	40.08605	116.43294	40.08605
116.43294	40.08605	116.43294	40.08605
116.53925	40.08653	116.53925	40.08653
116.29751	40.08742	116.29701	40.08812
116.52958	40.08795	116.52964	40.08795
116.41583	40.08796	116.45384	40.08664
116.29701	40.08812	116.29121	40.09564
116.28255	40.09088	116.28497	40.09229
116.20965	40.09146	116.19736	40.10924
116.40707	40.0942	116.38611	40.10271
116.55451	40.09791	116.55451	40.09791
116.2875	40.09943	116.37417	39.96736
116.52631	40.10046	116.53648	40.07097
116.38469	40.10327	116.38469	40.10327
116.6951	40.10396	116.65106	40.12916
116.60213	40.10432	116.63541	40.12824
116.68769	40.10473	116.65082	40.12792
116.68205	40.10598	116.66305	40.11104
116.62498	40.10703	116.62797	40.10711
116.46899	40.10706	116.46899	40.10706
116.46899	40.10706	116.46899	40.10706
116.46899	40.10706	116.46899	40.10706
116.62797	40.10711	116.62309	40.08856
116.14013	40.1073	116.14013	40.1073
116.55669	40.10794	116.59112	40.14154
116.68132	40.10956	116.66815	40.10989
116.65325	40.11025	116.65333	40.12913
116.54967	40.1108	116.52135	40.11447
116.65733	40.11105	116.63448	40.13298
116.64522	40.11266	116.63606	40.12863
116.55812	40.11371	116.55822	40.11339
116.55934	40.11396	116.55821	40.11356
116.52962	40.11484	116.62526	40.11933
116.62377	40.11653	116.63253	40.04774
116.6712	40.11915	116.68246	40.10415
116.56551	40.11986	116.59301	40.14308
116.54039	40.12196	116.58234	40.05924
116.26014	40.12369	116.26014	40.12369
116.26014	40.12369	116.26014	40.12369
116.7137	40.12546	116.73414	40.11614
116.19975	40.12592	116.19975	40.12592
116.65089	40.12773	116.6561	40.10585
116.61983	40.12774	116.63437	40.12848
116.65085	40.12805	116.6691	40.10291
116.57692	40.12957	116.56393	40.06434
116.5384	40.13032	116.48671	40.12737
116.65768	40.13055	116.65768	40.13055
116.65768	40.13055	116.65768	40.13055
116.65768	40.13055	116.65768	40.13055
116.67426	40.13158	116.53393	40.09053
116.46471	40.13289	116.52484	40.13214
116.15451	40.13294	116.15451	40.13294
116.15451	40.13294	116.15451	40.13294
116.15451	40.13294	116.15451	40.13294
116.63424	40.13309	116.63471	40.13126
116.64573	40.13347	116.61983	40.12774
117.09509	40.1338	117.09509	40.1338
117.09509	40.1338	117.09509	40.1338
117.10526	40.13381	117.10274	40.14406
117.09318	40.13779	117.09649	40.14857
117.11966	40.13834	117.10278	40.14406
116.65093	40.13862	116.65083	40.12831
116.9999	40.13907	117.00272	40.14716
116.74319	40.13929	116.6508	40.12795
116.27606	40.1431	116.27606	40.1431
117.06962	40.14331	117.06953	40.14173
117.0991	40.14369	117.09889	40.14409
116.28288	40.14411	116.28288	40.14411
116.28288	40.14411	116.28288	40.14411
117.06349	40.14417	117.06349	40.14417
117.06349	40.14417	117.06349	40.14417
117.06349	40.14417	117.06349	40.14417
116.25156	40.14509	116.28217	40.10541
117.0537	40.14528	116.96247	40.14788
116.40643	40.14564	116.40112	40.16085
116.2255	40.14691	116.2255	40.14691
116.256	40.14694	116.256	40.14694
116.256	40.14694	116.256	40.14694
116.2559	40.14708	116.25604	40.1471
116.25495	40.14773	116.25495	40.14773
116.25495	40.14773	116.25495	40.14773
117.07591	40.14892	117.07591	40.14892
117.10339	40.15055	117.10339	40.15055
117.10339	40.15055	117.10339	40.15055
117.10339	40.15055	117.10339	40.15055
116.74402	40.15344	116.74402	40.15344
116.74402	40.15344	116.74402	40.15344
116.24504	40.15581	116.23125	40.1621
117.0727	40.15618	117.0727	40.15618
117.0727	40.15618	117.0727	40.15618
116.29021	40.15711	116.29021	40.15711
116.22904	40.16121	116.22904	40.16121
116.22889	40.1613	116.22889	40.1613
116.22889	40.1613	116.22889	40.1613
116.71005	40.16473	116.71005	40.16473
116.71005	40.16473	116.71005	40.16473
116.71005	40.16473	116.71005	40.16473
116.63195	40.16523	116.58189	40.13374
116.61387	40.16537	116.59379	40.14295
117.04135	40.16555	117.04135	40.16555
117.04135	40.16555	117.04135	40.16555
117.04135	40.16555	117.04135	40.16555
116.60802	40.16566	116.636	40.12864
116.64702	40.16967	116.60384	40.12752
116.72955	40.17035	116.72955	40.17035
116.72955	40.17035	116.72955	40.17035
116.75984	40.17089	116.75984	40.17089
116.75984	40.17089	116.75984	40.17089
116.75984	40.17089	116.75984	40.17089
116.64303	40.17112	116.64303	40.17112
116.64303	40.17112	116.64303	40.17112
116.64303	40.17112	116.64303	40.17112
116.61373	40.17116	116.61373	40.17116
116.64499	40.17355	116.64499	40.17355
116.64499	40.17355	116.64499	40.17355
116.64499	40.17355	116.64499	40.17355
116.98208	40.1751	116.98208	40.1751
116.98208	40.1751	116.98208	40.1751
116.47236	40.17708	116.47236	40.17708
116.47236	40.17708	116.47236	40.17708
116.47236	40.17708	116.47236	40.17708
116.65702	40.17927	116.66205	40.10745
116.16243	40.18059	116.16243	40.18059
116.64562	40.18231	116.64562	40.18231
116.64562	40.18231	116.64562	40.18231
116.64564	40.18325	116.64564	40.18325
116.64564	40.18325	116.64564	40.18325
116.64564	40.18325	116.64564	40.18325
116.73341	40.18562	116.73341	40.18562
116.73341	40.18562	116.73341	40.18562
116.73341	40.18562	116.73341	40.18562
116.03497	40.18623	116.08368	40.19489
116.99912	40.18643	116.99912	40.18643
116.99912	40.18643	116.99912	40.18643
116.99912	40.18643	116.99912	40.18643
116.23814	40.18866	116.23814	40.18866
116.23814	40.18866	116.23814	40.18866
116.70544	40.18976	116.70544	40.18976
116.70544	40.18976	116.70544	40.18976
116.70544	40.18976	116.70544	40.18976
116.82338	40.1922	116.82352	40.19222
116.72035	40.19754	116.7162	40.1708
116.22352	40.1993	116.22712	40.21138
116.64906	40.20165	116.65027	40.21077
116.71873	40.20192	116.71873	40.20192
116.71873	40.20192	116.71873	40.20192
116.17716	40.20207	116.17716	40.20207
116.17716	40.20207	116.17716	40.20207
116.17724	40.20209	116.17724	40.20209
116.17724	40.20209	116.17724	40.20209
116.17724	40.20209	116.18212	40.19944
116.23411	40.20638	116.29331	40.22079
116.22791	40.20658	116.22115	40.21907
116.22124	40.20867	116.22124	40.20867
116.22124	40.20867	116.22124	40.20867
116.49008	40.21081	116.49008	40.21081
116.49008	40.21081	116.49008	40.21081
116.49008	40.21081	116.49008	40.21081
116.67133	40.21139	116.70179	40.21099
116.2165	40.21152	116.23388	40.16559
116.17195	40.21174	116.17195	40.21174
116.39535	40.2124	116.39277	40.23322
116.50121	40.21653	116.58336	40.2864
116.20692	40.22196	116.20692	40.22196
116.20692	40.22196	116.20692	40.22196
116.20692	40.22196	116.20692	40.22196
116.21817	40.22236	116.21817	40.22236
116.21817	40.22236	116.21817	40.22236
116.21817	40.22236	116.21817	40.22236
116.22713	40.2235	116.20338	40.2426
116.227	40.2264	116.2271	40.22466
116.13498	40.22665	116.13498	40.22665
116.13498	40.22665	116.13498	40.22665
116.22559	40.22721	116.22559	40.22721
116.54033	40.22958	116.54026	40.22991
116.54027	40.22989	116.54027	40.22989
116.54027	40.22989	116.54027	40.22989
116.45866	40.2316	116.45866	40.2316
116.45866	40.2316	116.45866	40.2316
116.45866	40.2316	116.45866	40.2316
116.7133	40.23514	116.7133	40.23514
116.7133	40.23514	116.7133	40.23514
116.7133	40.23514	116.7133	40.23514
116.69807	40.25277	116.66234	40.19589
116.23367	40.2608	116.23367	40.2608
116.23367	40.2608	116.23367	40.2608
116.23367	40.2608	116.23367	40.2608
117.12205	40.26461	117.12205	40.26461
117.12205	40.26461	117.12205	40.26461
117.12205	40.26461	117.12205	40.26461
117.07287	40.27146	117.07287	40.27146
117.07287	40.27146	117.07287	40.27146
117.07287	40.27146	117.07287	40.27146
116.91382	40.27733	116.91382	40.27733
116.67946	40.2865	116.67946	40.2865
116.67949	40.28652	116.67949	40.28652
116.67949	40.28652	116.67949	40.28652
116.58362	40.28768	116.58362	40.28768
116.63891	40.28861	116.63891	40.28861
116.63891	40.28861	116.63891	40.28861
116.75918	40.2915	116.75918	40.2915
116.75918	40.2915	116.75918	40.2915
116.56947	40.2921	116.56947	40.2921
116.72139	40.30178	116.72139	40.30178
116.72139	40.30178	116.72139	40.30178
116.76738	40.30642	116.76738	40.30642
116.76738	40.30642	116.76738	40.30642
116.76738	40.30642	116.76738	40.30642
116.25557	40.31058	116.25557	40.31058
116.25557	40.31058	116.25557	40.31058
116.25557	40.31058	116.25557	40.31058
116.6547	40.31746	116.6547	40.31746
116.57987	40.323	116.57987	40.323
116.57987	40.323	116.57987	40.323
116.57987	40.323	116.57987	40.323
116.81652	40.32425	116.81652	40.32425
116.81652	40.32425	116.81652	40.32425
116.81652	40.32425	116.81652	40.32425
116.65157	40.32615	116.65157	40.32615
116.81751	40.32656	116.85501	40.35081
116.32671	40.32784	116.32671	40.32784
116.86651	40.35445	116.86651	40.35445
116.86651	40.35445	116.86651	40.35445
116.81696	40.36626	116.817	40.36627
116.83689	40.37095	116.83693	40.37097
116.83693	40.37097	116.83693	40.37097
116.82232	40.37274	116.82232	40.37274
116.82232	40.37274	116.82232	40.37274
116.82232	40.37274	116.82232	40.37274
116.82555	40.37584	116.82555	40.37584
116.82555	40.37584	116.82555	40.37584
116.82555	40.37584	116.82555	40.37584
116.86237	40.38064	116.86237	40.38064
116.86265	40.38074	116.86265	40.38074
116.86256	40.38076	116.87388	40.38413
116.81184	40.381	116.8765	40.39186
116.8445	40.38289	116.8445	40.38289
116.88164	40.39283	116.88164	40.39283
116.16077	40.40777	116.19369	40.3609
117.03303	40.4084	117.03303	40.4084
117.03303	40.4084	117.03303	40.4084
117.03303	40.4084	117.03303	40.4084
116.5047	40.41234	116.5047	40.41234
116.5047	40.41234	116.5047	40.41234
116.5047	40.41234	116.5047	40.41234
116.46813	40.41282	116.46813	40.41282
116.46813	40.41282	116.46813	40.41282
116.46813	40.41282	116.46813	40.41282
116.53831	40.41474	116.53906	40.41548
115.93402	40.43247	115.93402	40.43247
115.93402	40.43247	115.93402	40.43247
115.99624	40.4371	115.99624	40.4371
115.99624	40.4371	115.99624	40.4371
115.99624	40.4371	115.99624	40.4371
116.77392	40.44549	116.77392	40.44549
116.77392	40.44549	116.77392	40.44549
116.77392	40.44549	116.77392	40.44549
116.89497	40.45556	116.89497	40.45556
116.08973	40.4635	116.08973	40.4635
116.08973	40.4635	116.08973	40.4635
116.08973	40.4635	116.08973	40.4635
115.98661	40.4669	115.96814	40.46323
116.09096	40.46808	116.06229	40.42015
116.05028	40.4818	116.03291	40.48099
116.03627	40.48264	116.03627	40.48264
116.80455	40.48366	116.80455	40.48366
116.14298	40.50658	116.14298	40.50658
116.14298	40.50658	116.14298	40.50658
117.14449	40.55813	117.14449	40.55813
117.14449	40.55813	117.14449	40.55813
117.14449	40.55813	117.14449	40.55813
117.1731	40.56673	117.1731	40.56673
117.1731	40.56673	117.1731	40.56673
117.1731	40.56673	117.1731	40.56673