517 517
517 517
517 517
517 517
535 535
205 205
205 205
205 205
535 535
535 535
213 213
213 213
213 123
123 123
123 123
123 123
94 94
32 32
418 418
418 418
418 418
418 418
32 246
37 37
545 545
558 558
558 558
545 271
329 329
329 329
418 470
176 176
176 176
176 176
545 545
545 545
545 545
329 329
558 318
329 329
329 329
329 329
173 173
173 173
173 173
515 515
515 515
515 515
108 108
108 108
108 108
1 318
478 478
478 478
478 478
545 545
545 545
545 545
329 329
172 172
172 172
329 329
329 329
329 329
329 329
271 271
1 1
1 1
1 1
424 424
424 424
424 424
1 418
108 478
108 108
108 108
108 108
108 108
108 108
271 545
173 173
173 173
173 173
114 114
114 114
544 544
544 544
544 544
422 422
470 470
470 470
424 424
271 271
515 515
515 515
176 176
470 334
176 176
176 176
334 114
173 173
108 528
176 176
176 176
176 176
544 544
544 108
271 271
165 470
17 17
334 334
334 334
114 114
114 114
173 173
173 173
173 173
176 176
176 176
17 17
173 173
271 271
271 271
271 271
17 17
108 424
271 271
532 532
494 494
489 489
489 489
489 489
494 494
334 334
334 334
325 424
544 307
494 494
494 494
494 494
17 271
532 532
532 532
532 532
176 176
176 176
176 176
173 544
176 176
176 176
423 423
334 140
422 334
194 314
176 176
176 176
422 32
194 422
17 367
532 532
532 532
532 532
176 176
176 176
176 176
17 489
532 532
423 423
423 423
423 423
422 422
422 514
532 532
532 532
532 532
17 17
532 532
532 532
422 334
140 462
194 194
194 194
194 194
76 314
422 334
17 17
194 194
194 194
194 194
422 422
367 367
367 367
367 367
76 76
367 17
367 367
367 367
367 367
367 367
314 314
314 314
542 542
542 542
542 542
194 76
194 194
127 127
528 528
194 194
194 194
194 194
127 127
76 194
17 17
127 127
544 544
544 544
544 544
528 541
194 76
532 532
442 442
194 194
194 194
194 194
423 423
423 423
140 140
367 367
367 367
367 367
194 304
140 140
528 422
127 127
127 127
140 462
325 325
325 325
325 325
442 194
194 442
194 194
194 194
462 462
140 470
140 140
462 462
462 98
423 423
462 462
350 350
350 350
350 350
442 442
442 442
442 87
442 442
462 462
462 462
442 442
442 442
442 442
442 442
442 442
442 442
442 442
140 514
532 532
350 194
462 462
140 140
140 140
140 462
140 126
140 140
442 442
442 442
442 442
307 462
307 100
307 514
306 286
367 367
442 87
57 57
57 57
57 57
140 140
270 270
57 194
442 225
129 367
350 350
350 350
57 57
57 57
57 57
350 350
350 350
350 350
57 442
100 269
57 57
57 57
367 367
367 367
100 462
140 140
100 100
100 100
100 100
350 350
350 350
270 126
57 442
140 270
57 57
57 57
270 425
140 140
270 270
270 270
425 246
140 270
270 425
262 262
140 246
140 140
140 140
140 140
270 306
140 118
425 425
425 425
425 425
350 350
350 350
350 350
57 57
57 57
93 93
270 270
270 270
270 270
425 425
265 265
265 265
265 265
100 100
129 532
246 246
246 246
246 100
87 87
87 87
87 87
246 246
57 70
425 246
265 265
100 100
100 100
100 100
246 460
87 425
87 57
246 246
246 246
425 425
350 350
350 350
350 350
350 187
350 104
425 514
350 350
350 350
350 350
499 499
96 96
350 350
532 532
350 412
350 350
98 98
350 489
350 305
350 317
499 514
514 12
425 397
514 514
499 499
499 499
499 499
350 17
350 350
350 350
350 350
514 246
204 204
204 204
204 204
98 50
514 514
514 499
514 425
129 129
129 129
514 514
350 350
246 246
246 246
514 514
246 484
286 271
514 367
514 514
514 514
350 350
514 514
514 514
384 246
87 98
259 259
286 286
286 286
514 514
93 350
286 286
514 514
514 514
286 286
286 286
286 286
412 129
412 412
404 542
499 499
499 499
499 499
87 87
87 50
246 118
204 522
412 412
286 412
514 77
514 77
499 499
499 499
499 499
98 87
317 93
412 193
317 350
286 350
286 317
499 384
499 391
204 204
204 204
204 204
317 317
412 412
412 412
412 412
317 317
519 519
317 317
317 317
317 317
317 317
246 246
12 514
521 532
317 317
317 317
118 514
265 265
265 265
265 265
246 246
12 118
12 524
204 532
391 391
12 12
12 12
12 12
412 412
412 412
412 412
187 187
118 514
412 412
412 412
246 100
204 204
246 556
12 315
187 187
315 514
385 118
187 187
118 240
187 187
187 187
187 180
187 499
361 118
496 496
496 496
204 204
204 204
204 204
187 87
391 429
522 522
385 103
204 204
204 204
204 204
361 361
412 412
412 412
412 412
315 3
315 117
392 392
392 392
392 392
392 392
392 392
392 392
385 315
397 397
385 425
361 442
187 131
246 246
522 522
522 522
522 522
315 391
187 286
117 118
51 363
118 246
204 204
204 204
204 204
361 361
361 361
361 361
118 118
510 510
510 510
510 510
204 204
204 204
204 204
385 484
398 398
398 398
398 398
118 118
110 110
110 110
110 110
104 129
104 187
264 264
264 264
264 264
361 98
361 50
361 187
361 187
361 350
361 270
93 104
117 117
361 350
286 361
118 524
361 412
77 98
522 522
522 522
263 263
263 263
263 263
117 12
104 104
50 323
385 484
50 78
385 385
51 117
341 341
385 474
484 484
484 409
117 117
117 117
117 117
117 117
361 361
409 409
409 409
409 409
77 124
409 7
409 409
409 264
50 50
7 385
511 522
361 361
484 103
341 341
264 264
77 499
77 317
388 388
388 388
388 388
286 286
104 104
50 50
409 409
409 409
264 264
77 317
361 179
409 484
185 185
185 185
185 185
68 499
409 385
429 185
361 361
185 315
323 185
77 78
185 185
185 185
185 185
361 93
524 524
524 524
524 524
524 524
104 286
7 263
104 104
104 104
179 29
264 264
264 100
409 358
496 496
264 264
180 180
104 104
409 409
179 78
180 187
180 361
179 179
180 104
180 104
180 350
409 246
524 524
180 180
524 264
429 429
31 519
179 78
115 341
104 104
180 180
409 409
524 140
180 180
104 104
115 522
104 104
104 286
104 104
429 77
180 403
429 180
429 179
524 185
185 385
179 78
524 185
409 484
409 246
104 341
524 140
104 104
484 409
341 341
341 341
341 341
180 499
341 341
341 341
180 104
549 549
265 265
180 275
180 179
179 78
104 11
179 179
179 179
179 179
180 29
180 286
341 341
341 341
180 11
524 118
180 342
179 429
341 509
409 409
203 203
179 179
179 179
496 496
11 180
115 341
484 524
11 180
11 104
185 185
409 409
409 409
409 409
409 409
512 512
512 512
512 512
185 544
484 409
78 189
104 104
265 265
265 265
40 131
40 40
180 180
524 185
131 131
524 185
512 463
498 498
498 498
498 498
409 409
131 553
179 187
179 29
185 27
104 104
78 179
131 180
341 341
341 341
341 341
524 118
78 429
185 185
104 104
104 104
11 104
341 319
341 341
484 484
484 484
484 484
11 11
203 409
11 319
115 115
115 115
115 115
115 115
115 115
115 115
131 180
40 131
11 11
11 11
11 11
498 498
185 185
78 347
41 92
185 429
131 275
185 117
11 11
11 11
11 11
40 40
11 11
11 11
11 11
11 11
402 402
402 402
402 402
512 364
185 347
131 131
185 185
131 131
131 131
131 131
131 131
131 131
131 131
556 402
215 215
347 429
319 319
319 319
40 92
40 403
11 104
41 179
78 78
78 78
78 78
103 530
319 319
319 319
319 319
556 385
103 27
41 78
530 530
530 530
530 530
40 41
402 409
10 10
402 498
530 185
530 524
402 402
530 25
403 403
40 553
39 39
215 11
39 39
39 39
363 462
39 39
39 39
39 39
215 215
215 215
224 91
10 10
10 10
10 10
556 556
464 530
319 319
83 83
189 189
189 189
189 189
92 342
342 40
83 78
215 215
189 182
103 363
103 530
72 72
72 72
72 72
320 320
39 39
556 556
530 185
464 347
530 124
39 39
39 39
39 39
72 72
72 72
72 72
530 524
72 342
347 83
347 464
182 70
342 72
72 215
275 275
342 179
72 104
319 412
556 556
556 556
512 512
512 512
512 512
320 103
320 320
464 524
29 29
29 29
29 41
29 179
29 361
72 275
347 78
556 264
556 556
530 347
103 103
464 25
275 416
103 70
29 70
530 530
182 182
182 182
182 182
347 347
556 552
119 110
530 530
530 530
530 530
92 131
72 215
556 409
342 275
72 122
72 181
342 92
29 40
92 342
530 464
29 557
347 347
347 347
347 347
91 91
91 91
92 552
27 27
552 460
320 183
92 92
27 25
92 92
92 92
92 92
275 275
512 512
512 512
512 512
552 260
71 180
29 83
553 553
364 364
364 364
364 364
364 265
364 364
553 92
552 124
364 364
319 319
552 530
512 512
512 512
512 512
553 553
464 25
553 92
92 2
553 433
25 530
347 347
25 530
347 464
71 186
70 141
2 342
553 342
71 71
71 71
2 70
2 50
553 553
553 553
553 553
29 29
275 387
275 141
433 92
25 530
275 275
70 141
27 552
25 25
358 358
553 553
553 553
553 553
275 557
552 103
71 71
124 553
358 103
363 175
275 342
25 25
553 557
25 25
25 474
557 557
27 27
27 27
27 27
27 27
358 3
553 553
25 550
358 552
72 417
192 192
192 192
192 192
363 363
124 557
181 319
27 27
27 27
553 366
122 122
124 124
71 71
124 475
557 557
387 342
124 29
552 70
553 70
71 71
363 363
70 141
552 103
70 70
71 71
70 70
70 70
70 70
364 364
364 364
192 192
124 3
3 124
27 27
27 27
433 433
433 433
433 433
192 192
70 70
27 27
358 363
122 122
122 122
122 122
363 122
70 70
27 27
364 364
192 192
71 319
192 72
71 193
71 71
364 206
27 27
27 25
71 319
550 141
70 70
70 70
70 70
25 556
141 552
25 70
550 103
550 25
25 117
3 433
70 70
3 141
141 141
141 141
141 141
557 441
387 202
70 70
70 70
387 387
141 141
141 141
141 141
70 475
387 416
70 330
364 364
364 364
364 364
364 364
364 364
364 364
416 416
557 3
193 275
25 530
557 441
141 141
181 53
181 181
550 550
550 550
550 550
387 202
122 122
557 557
557 557
557 557
550 550
141 141
141 141
550 141
141 141
141 141
141 270
550 550
550 550
475 62
387 405
193 193
387 387
441 441
193 441
181 557
141 5
193 181
181 181
181 181
193 181
193 193
441 416
364 512
193 181
363 358
181 181
441 441
387 387
475 475
141 141
475 475
122 272
181 181
193 193
550 141
122 141
122 550
122 122
416 416
122 122
416 416
122 272
122 122
193 557
122 122
405 550
364 364
364 364
364 364
364 364
364 364
550 474
550 475
416 416
416 416
416 416
550 550
550 483
193 387
141 474
387 387
387 387
387 387
141 358
474 474
474 141
416 416
416 416
416 416
475 475
475 441
550 550
475 441
474 474
475 441
475 181
475 25
475 550
475 557
193 53
416 417
475 5
483 483
434 434
434 434
416 53
416 416
122 328
416 416
122 328
474 475
550 550
550 550
550 550
416 193
193 181
550 483
474 474
474 474
474 331
474 70
331 331
328 272
474 5
186 401
475 141
5 330
475 417
475 475
62 553
62 62
416 416
62 62
474 25
62 62
62 62
62 62
328 272
416 474
474 474
416 417
62 5
53 53
474 474
474 474
474 474
474 474
5 5
416 416
416 416
416 416
53 53
53 53
364 206
53 53
62 557
5 5
5 5
5 5
53 71
474 474
364 206
474 70
5 62
417 416
416 416
5 464
5 5
53 319
186 186
186 186
186 186
186 186
186 186
186 186
5 5
5 5
5 5
53 53
62 330
328 434
417 416
328 358
53 401
5 427
53 53
364 364
364 364
53 53
53 53
53 53
5 475
186 186
186 186
186 186
186 186
53 53
81 81
53 53
53 53
53 186
417 417
417 417
53 92
474 474
202 366
417 387
62 5
364 364
364 364
364 364
53 53
474 387
5 5
5 5
5 5
5 5
5 474
62 62
53 401
5 5
186 186
53 53
53 53
53 53
53 53
53 53
53 53
53 53
53 53
53 53
53 53
186 186
186 186
186 186
53 53
364 364
364 364
364 364
53 357
474 474
53 53
53 53
202 202
202 53
202 417
364 364
364 364
364 364
5 5
5 5
272 272
206 206
206 206
202 546
474 550
81 330
53 53
53 53
53 53
53 53
53 53
53 53
272 345
53 53
53 53
366 366
202 387
53 53
53 53
53 53
202 202
330 345
53 401
5 272
5 345
5 421
53 53
53 53
53 53
202 272
53 275
330 345
330 330
427 5
427 427
427 427
427 427
366 401
272 272
366 202
272 421
345 345
53 53
53 53
53 53
202 202
206 206
330 175
427 427
427 427
427 427
366 366
401 53
330 331
82 272
330 330
206 26
427 5
366 366
366 366
366 366
330 345
330 400
272 475
366 401
421 419
53 53
53 53
53 53
202 202
202 202
202 202
206 206
206 206
345 345
206 206
272 272
202 399
202 202
272 272
53 53
53 53
53 53
427 175
357 357
401 401
401 401
53 53
401 357
345 421
401 206
401 357
345 345
401 401
401 357
401 401
401 401
419 419
419 419
419 419
26 207
401 401
401 401
401 401
330 330
401 553
401 401
401 186
401 401
401 401
401 401
421 421
421 421
421 421
419 419
401 62
401 401
401 401
401 401
401 401
401 401
401 401
401 401
401 401
401 401
401 401
401 401
401 401
401 401
401 401
401 401
401 401
401 401
401 401
401 401
401 401
401 401
357 366
401 401
400 401
401 401
175 175
175 175
175 175
400 400
400 400
400 400
207 207
207 207
401 357
357 357
207 207
207 207
207 207
400 400
400 400
400 400
357 357
357 357
357 357
357 357
357 357
357 357
400 366
357 186
357 357
200 283
357 357
357 357
357 357
23 23
357 357
357 357
60 60
357 357
357 357
357 357
357 357
357 357
357 357
421 175
357 357
60 60
178 178
357 200
357 53
357 366
357 357
357 180
357 401
421 421
357 357
268 268
421 345
366 200
74 74
74 74
74 74
60 487
338 338
338 338
338 338
23 23
23 23
23 23
200 200
175 175
200 200
23 23
175 175
175 175
346 346
23 23
130 130
175 141
200 200
23 23
338 116
283 415
338 116
355 355
415 415
23 23
23 23
23 23
415 415
365 365
130 283
338 355
355 116
130 130
355 415
355 415
130 130
130 130
130 415
415 206
116 338
130 283
105 401
343 343
343 343
281 281
346 346
116 355
415 415
116 355
105 200
105 105
116 116
116 116
116 116
338 200
443 105
485 485
485 485
485 485
415 415
349 415
34 34
34 34
34 34
34 471
516 34
338 116
523 523
281 116
343 343
63 516
34 34
343 343
343 343
63 63
63 63
63 63
343 175
63 534
443 443
343 343
343 343
343 343
343 343
343 343
343 343
516 516
471 471
471 471
471 471
281 281
281 281
343 343
63 63
63 63
343 343
267 267
267 267
267 267
281 281
281 281
281 281
360 283
274 283
63 63
63 63
63 63
274 415
360 283
281 281
281 281
281 281
281 281
281 281
273 273
273 273
273 273
274 274
273 273
273 273
273 273
523 523
523 523
443 443
443 443
443 443
360 355
267 267
360 360
360 360
360 360
360 360
360 360
28 28
28 28
28 28
212 285
523 523
523 523
523 523
267 267
267 267
28 28
28 28
28 28
279 279
28 281
42 42
316 316
28 28
28 28
267 267
267 267
267 267
267 267
267 267
42 287
42 42
42 42
42 42
546 546
546 546
546 546
316 28
42 343
267 267
472 472
546 324
47 47
47 47
47 47
42 42
42 42
42 42
42 554
42 42
285 285
285 285
42 42
546 546
546 546
546 546
472 472
472 472
472 472
28 28
28 28
28 28
486 316
554 554
554 554
554 554
473 473
473 473
473 473
58 58
58 58
58 58
79 79
486 486
486 486
486 486
324 324
232 232
232 232
128 128
128 128
324 324
16 16
16 16
128 128
128 128
128 128
554 554
554 554
554 554
162 162
324 324
324 324
324 324
128 128
128 128
128 128
162 162
128 128
477 477
128 128
128 128
121 121
111 111
111 111
121 121
121 121
121 121
121 121
121 121
121 121
111 111
111 111
111 280
277 280
111 111
280 280
69 554
196 196
196 196
196 196
35 35
35 35
35 35
35 35
35 35
35 35
35 35
476 476
476 476
476 476
476 476
476 476
428 428
428 428
428 428
430 430
188 188
188 188
188 188
436 340
188 188
348 348
348 348
430 430
501 501
501 501
386 386
386 386
386 386
386 386
386 386
386 386