517
517
517
517
535
205
205
205
535
535
213
213
213
123
123
123
94
32
418
418
418
418
32
37
545
558
558
545
329
329
418
176
176
176
545
545
545
329
558
329
329
329
173
173
173
515
515
515
108
108
108
1
478
478
478
545
545
545
329
172
172
329
329
329
329
271
1
1
1
424
424
424
1
108
108
108
108
108
108
271
173
173
173
114
114
544
544
544
422
470
470
424
271
515
515
176
470
176
176
334
173
108
176
176
176
544
544
271
165
17
334
334
114
114
173
173
173
176
176
17
173
271
271
271
17
108
271
532
494
489
489
489
494
334
334
325
544
494
494
494
17
532
532
532
176
176
176
173
176
176
423
334
422
194
176
176
422
194
17
532
532
532
176
176
176
17
532
423
423
423
422
422
532
532
532
17
532
532
422
140
194
194
194
76
422
17
194
194
194
422
367
367
367
76
367
367
367
367
367
314
314
542
542
542
194
194
127
528
194
194
194
127
76
17
127
544
544
544
528
194
532
442
194
194
194
423
423
140
367
367
367
194
140
528
127
127
140
325
325
325
442
194
194
194
462
140
140
462
462
423
462
350
350
350
442
442
442
442
462
462
442
442
442
442
442
442
442
140
532
350
462
140
140
140
140
140
442
442
442
307
307
307
306
367
442
57
57
57
140
270
57
442
129
350
350
57
57
57
350
350
350
57
100
57
57
367
367
100
140
100
100
100
350
350
270
57
140
57
57
270
140
270
270
425
140
270
262
140
140
140
140
270
140
425
425
425
350
350
350
57
57
93
270
270
270
425
265
265
265
100
129
246
246
246
87
87
87
246
57
425
265
100
100
100
246
87
87
246
246
425
350
350
350
350
350
425
350
350
350
499
96
350
532
350
350
98
350
350
350
499
514
425
514
499
499
499
350
350
350
350
514
204
204
204
98
514
514
514
129
129
514
350
246
246
514
246
286
514
514
514
350
514
514
384
87
259
286
286
514
93
286
514
514
286
286
286
412
412
404
499
499
499
87
87
246
204
412
286
514
514
499
499
499
98
317
412
317
286
286
499
499
204
204
204
317
412
412
412
317
519
317
317
317
317
246
12
521
317
317
118
265
265
265
246
12
12
204
391
12
12
12
412
412
412
187
118
412
412
246
204
246
12
187
315
385
187
118
187
187
187
187
361
496
496
204
204
204
187
391
522
385
204
204
204
361
412
412
412
315
315
392
392
392
392
392
392
385
397
385
361
187
246
522
522
522
315
187
117
51
118
204
204
204
361
361
361
118
510
510
510
204
204
204
385
398
398
398
118
110
110
110
104
104
264
264
264
361
361
361
361
361
361
93
117
361
286
118
361
77
522
522
263
263
263
117
104
50
385
50
385
51
341
385
484
484
117
117
117
117
361
409
409
409
77
409
409
409
50
7
511
361
484
341
264
77
77
388
388
388
286
104
50
409
409
264
77
361
409
185
185
185
68
409
429
361
185
323
77
185
185
185
361
524
524
524
524
104
7
104
104
179
264
264
409
496
264
180
104
409
179
180
180
179
180
180
180
409
524
180
524
429
31
179
115
104
180
409
524
180
104
115
104
104
104
429
180
429
429
524
185
179
524
409
409
104
524
104
484
341
341
341
180
341
341
180
549
265
180
180
179
104
179
179
179
180
180
341
341
180
524
180
179
341
409
203
179
179
496
11
115
484
11
11
185
409
409
409
409
512
512
512
185
484
78
104
265
265
40
40
180
524
131
524
512
498
498
498
409
131
179
179
185
104
78
131
341
341
341
524
78
185
104
104
11
341
341
484
484
484
11
203
11
115
115
115
115
115
115
131
40
11
11
11
498
185
78
41
185
131
185
11
11
11
40
11
11
11
11
402
402
402
512
185
131
185
131
131
131
131
131
131
556
215
347
319
319
40
40
11
41
78
78
78
103
319
319
319
556
103
41
530
530
530
40
402
10
402
530
530
402
530
403
40
39
215
39
39
363
39
39
39
215
215
224
10
10
10
556
464
319
83
189
189
189
92
342
83
215
189
103
103
72
72
72
320
39
556
530
464
530
39
39
39
72
72
72
530
72
347
347
182
342
72
275
342
72
319
556
556
512
512
512
320
320
464
29
29
29
29
29
72
347
556
556
530
103
464
275
103
29
530
182
182
182
347
556
119
530
530
530
92
72
556
342
72
72
342
29
92
530
29
347
347
347
91
91
92
27
552
320
92
27
92
92
92
275
512
512
512
552
71
29
553
364
364
364
364
364
553
552
364
319
552
512
512
512
553
464
553
92
553
25
347
25
347
71
70
2
553
71
71
2
2
553
553
553
29
275
275
433
25
275
70
27
25
358
553
553
553
275
552
71
124
358
363
275
25
553
25
25
557
27
27
27
27
358
553
25
358
72
192
192
192
363
124
181
27
27
553
122
124
71
124
557
387
124
552
553
71
363
70
552
70
71
70
70
70
364
364
192
124
3
27
27
433
433
433
192
70
27
358
122
122
122
363
70
27
364
192
71
192
71
71
364
27
27
71
550
70
70
70
25
141
25
550
550
25
3
70
3
141
141
141
557
387
70
70
387
141
141
141
70
387
70
364
364
364
364
364
364
416
557
193
25
557
141
181
181
550
550
550
387
122
557
557
557
550
141
141
550
141
141
141
550
550
475
387
193
387
441
193
181
141
193
181
181
193
193
441
364
193
363
181
441
387
475
141
475
122
181
193
550
122
122
122
416
122
416
122
122
193
122
405
364
364
364
364
364
550
550
416
416
416
550
550
193
141
387
387
387
141
474
474
416
416
416
475
475
550
475
474
475
475
475
475
475
193
416
475
483
434
434
416
416
122
416
122
474
550
550
550
416
193
550
474
474
474
474
331
328
474
186
475
5
475
475
62
62
416
62
474
62
62
62
328
416
474
416
62
53
474
474
474
474
5
416
416
416
53
53
364
53
62
5
5
5
53
474
364
474
5
417
416
5
5
53
186
186
186
186
186
186
5
5
5
53
62
328
417
328
53
5
53
364
364
53
53
53
5
186
186
186
186
53
81
53
53
53
417
417
53
474
202
417
62
364
364
364
53
474
5
5
5
5
5
62
53
5
186
53
53
53
53
53
53
53
53
53
53
186
186
186
53
364
364
364
53
474
53
53
202
202
202
364
364
364
5
5
272
206
206
202
474
81
53
53
53
53
53
53
272
53
53
366
202
53
53
53
202
330
53
5
5
5
53
53
53
202
53
330
330
427
427
427
427
366
272
366
272
345
53
53
53
202
206
330
427
427
427
366
401
330
82
330
206
427
366
366
366
330
330
272
366
421
53
53
53
202
202
202
206
206
345
206
272
202
202
272
53
53
53
427
357
401
401
53
401
345
401
401
345
401
401
401
401
419
419
419
26
401
401
401
330
401
401
401
401
401
401
421
421
421
419
401
401
401
401
401
401
401
401
401
401
401
401
401
401
401
401
401
401
401
401
401
401
357
401
400
401
175
175
175
400
400
400
207
207
401
357
207
207
207
400
400
400
357
357
357
357
357
357
400
357
357
200
357
357
357
23
357
357
60
357
357
357
357
357
357
421
357
60
178
357
357
357
357
357
357
421
357
268
421
366
74
74
74
60
338
338
338
23
23
23
200
175
200
23
175
175
346
23
130
175
200
23
338
283
338
355
415
23
23
23
415
365
130
338
355
130
355
355
130
130
130
415
116
130
105
343
343
281
346
116
415
116
105
105
116
116
116
338
443
485
485
485
415
349
34
34
34
34
516
338
523
281
343
63
34
343
343
63
63
63
343
63
443
343
343
343
343
343
343
516
471
471
471
281
281
343
63
63
343
267
267
267
281
281
281
360
274
63
63
63
274
360
281
281
281
281
281
273
273
273
274
273
273
273
523
523
443
443
443
360
267
360
360
360
360
360
28
28
28
212
523
523
523
267
267
28
28
28
279
28
42
316
28
28
267
267
267
267
267
42
42
42
42
546
546
546
316
42
267
472
546
47
47
47
42
42
42
42
42
285
285
42
546
546
546
472
472
472
28
28
28
486
554
554
554
473
473
473
58
58
58
79
486
486
486
324
232
232
128
128
324
16
16
128
128
128
554
554
554
162
324
324
324
128
128
128
162
128
477
128
128
121
111
111
121
121
121
121
121
121
111
111
111
277
111
280
69
196
196
196
35
35
35
35
35
35
35
476
476
476
476
476
428
428
428
430
188
188
188
436
188
348
348
430
501
501
386
386
386
386
386
386