517
517
517
517
535
205
205
205
535
535
213
213
123
123
123
123
94
32
418
418
418
418
246
37
545
558
558
271
329
329
470
176
176
176
545
545
545
329
318
329
329
329
173
173
173
515
515
515
108
108
108
318
478
478
478
545
545
545
329
172
172
329
329
329
329
271
1
1
1
424
424
424
418
478
108
108
108
108
108
545
173
173
173
114
114
544
544
544
422
470
470
424
271
515
515
176
334
176
176
114
173
528
176
176
176
544
108
271
470
17
334
334
114
114
173
173
173
176
176
17
173
271
271
271
17
424
271
532
494
489
489
489
494
334
334
424
307
494
494
494
271
532
532
532
176
176
176
544
176
176
423
140
334
314
176
176
32
422
367
532
532
532
176
176
176
489
532
423
423
423
422
514
532
532
532
17
532
532
334
462
194
194
194
314
334
17
194
194
194
422
367
367
367
76
17
367
367
367
367
314
314
542
542
542
76
194
127
528
194
194
194
127
194
17
127
544
544
544
541
76
532
442
194
194
194
423
423
140
367
367
367
304
140
422
127
127
462
325
325
325
194
442
194
194
462
470
140
462
98
423
462
350
350
350
442
442
87
442
462
462
442
442
442
442
442
442
442
514
532
194
462
140
140
462
126
140
442
442
442
462
100
514
286
367
87
57
57
57
140
270
194
225
367
350
350
57
57
57
350
350
350
442
269
57
57
367
367
462
140
100
100
100
350
350
126
442
270
57
57
425
140
270
270
246
270
425
262
246
140
140
140
306
118
425
425
425
350
350
350
57
57
93
270
270
270
425
265
265
265
100
532
246
246
100
87
87
87
246
70
246
265
100
100
100
460
425
57
246
246
425
350
350
350
187
104
514
350
350
350
499
96
350
532
412
350
98
489
305
317
514
12
397
514
499
499
499
17
350
350
350
246
204
204
204
50
514
499
425
129
129
514
350
246
246
514
484
271
367
514
514
350
514
514
246
98
259
286
286
514
350
286
514
514
286
286
286
129
412
542
499
499
499
87
50
118
522
412
412
77
77
499
499
499
87
93
193
350
350
317
384
391
204
204
204
317
412
412
412
317
519
317
317
317
317
246
514
532
317
317
514
265
265
265
246
118
524
532
391
12
12
12
412
412
412
187
514
412
412
100
204
556
315
187
514
118
187
240
187
187
180
499
118
496
496
204
204
204
87
429
522
103
204
204
204
361
412
412
412
3
117
392
392
392
392
392
392
315
397
425
442
131
246
522
522
522
391
286
118
363
246
204
204
204
361
361
361
118
510
510
510
204
204
204
484
398
398
398
118
110
110
110
129
187
264
264
264
98
50
187
187
350
270
104
117
350
361
524
412
98
522
522
263
263
263
12
104
323
484
78
385
117
341
474
484
409
117
117
117
117
361
409
409
409
124
7
409
264
50
385
522
361
103
341
264
499
317
388
388
388
286
104
50
409
409
264
317
179
484
185
185
185
499
385
185
361
315
185
78
185
185
185
93
524
524
524
524
286
263
104
104
29
264
100
358
496
264
180
104
409
78
187
361
179
104
104
350
246
524
180
264
429
519
78
341
104
180
409
140
180
104
522
104
286
104
77
403
180
179
185
385
78
185
484
246
341
140
104
409
341
341
341
499
341
341
104
549
265
275
179
78
11
179
179
179
29
286
341
341
11
118
342
429
509
409
203
179
179
496
180
341
524
180
104
185
409
409
409
409
512
512
512
544
409
189
104
265
265
131
40
180
185
131
185
463
498
498
498
409
553
187
29
27
104
179
180
341
341
341
118
429
185
104
104
104
319
341
484
484
484
11
409
319
115
115
115
115
115
115
180
131
11
11
11
498
185
347
92
429
275
117
11
11
11
40
11
11
11
11
402
402
402
364
347
131
185
131
131
131
131
131
131
402
215
429
319
319
92
403
104
179
78
78
78
530
319
319
319
385
27
78
530
530
530
41
409
10
498
185
524
402
25
403
553
39
11
39
39
462
39
39
39
215
215
91
10
10
10
556
530
319
83
189
189
189
342
40
78
215
182
363
530
72
72
72
320
39
556
185
347
124
39
39
39
72
72
72
524
342
83
464
70
72
215
275
179
104
412
556
556
512
512
512
103
320
524
29
29
41
179
361
275
78
264
556
347
103
25
416
70
70
530
182
182
182
347
552
110
530
530
530
131
215
409
275
122
181
92
40
342
464
557
347
347
347
91
91
552
27
460
183
92
25
92
92
92
275
512
512
512
260
180
83
553
364
364
364
265
364
92
124
364
319
530
512
512
512
553
25
92
2
433
530
347
530
464
186
141
342
342
71
71
70
50
553
553
553
29
387
141
92
530
275
141
552
25
358
553
553
553
557
103
71
553
103
175
342
25
557
25
474
557
27
27
27
27
3
553
550
552
417
192
192
192
363
557
319
27
27
366
122
124
71
475
557
342
29
70
70
71
363
141
103
70
71
70
70
70
364
364
192
3
124
27
27
433
433
433
192
70
27
363
122
122
122
122
70
27
364
192
319
72
193
71
206
27
25
319
141
70
70
70
556
552
70
103
25
117
433
70
141
141
141
141
441
202
70
70
387
141
141
141
475
416
330
364
364
364
364
364
364
416
3
275
530
441
141
53
181
550
550
550
202
122
557
557
557
550
141
141
141
141
141
270
550
550
62
405
193
387
441
441
557
5
181
181
181
181
193
416
512
181
358
181
441
387
475
141
475
272
181
193
141
141
550
122
416
122
416
272
122
557
122
550
364
364
364
364
364
474
475
416
416
416
550
483
387
474
387
387
387
358
474
141
416
416
416
475
441
550
441
474
441
181
25
550
557
53
417
5
483
434
434
53
416
328
416
328
475
550
550
550
193
181
483
474
474
331
70
331
272
5
401
141
330
417
475
553
62
416
62
25
62
62
62
272
474
474
417
5
53
474
474
474
474
5
416
416
416
53
53
206
53
557
5
5
5
71
474
206
70
62
416
416
464
5
319
186
186
186
186
186
186
5
5
5
53
330
434
416
358
401
427
53
364
364
53
53
53
475
186
186
186
186
53
81
53
53
186
417
417
92
474
366
387
5
364
364
364
53
387
5
5
5
5
474
62
401
5
186
53
53
53
53
53
53
53
53
53
53
186
186
186
53
364
364
364
357
474
53
53
202
53
417
364
364
364
5
5
272
206
206
546
550
330
53
53
53
53
53
53
345
53
53
366
387
53
53
53
202
345
401
272
345
421
53
53
53
272
275
345
330
5
427
427
427
401
272
202
421
345
53
53
53
202
206
175
427
427
427
366
53
331
272
330
26
5
366
366
366
345
400
475
401
419
53
53
53
202
202
202
206
206
345
206
272
399
202
272
53
53
53
175
357
401
401
53
357
421
206
357
345
401
357
401
401
419
419
419
207
401
401
401
330
553
401
186
401
401
401
421
421
421
419
62
401
401
401
401
401
401
401
401
401
401
401
401
401
401
401
401
401
401
401
401
401
366
401
401
401
175
175
175
400
400
400
207
207
357
357
207
207
207
400
400
400
357
357
357
357
357
357
366
186
357
283
357
357
357
23
357
357
60
357
357
357
357
357
357
175
357
60
178
200
53
366
357
180
401
421
357
268
345
200
74
74
74
487
338
338
338
23
23
23
200
175
200
23
175
175
346
23
130
141
200
23
116
415
116
355
415
23
23
23
415
365
283
355
116
130
415
415
130
130
415
206
338
283
401
343
343
281
346
355
415
355
200
105
116
116
116
200
105
485
485
485
415
415
34
34
34
471
34
116
523
116
343
516
34
343
343
63
63
63
175
534
443
343
343
343
343
343
343
516
471
471
471
281
281
343
63
63
343
267
267
267
281
281
281
283
283
63
63
63
415
283
281
281
281
281
281
273
273
273
274
273
273
273
523
523
443
443
443
355
267
360
360
360
360
360
28
28
28
285
523
523
523
267
267
28
28
28
279
281
42
316
28
28
267
267
267
267
267
287
42
42
42
546
546
546
28
343
267
472
324
47
47
47
42
42
42
554
42
285
285
42
546
546
546
472
472
472
28
28
28
316
554
554
554
473
473
473
58
58
58
79
486
486
486
324
232
232
128
128
324
16
16
128
128
128
554
554
554
162
324
324
324
128
128
128
162
128
477
128
128
121
111
111
121
121
121
121
121
121
111
111
280
280
111
280
554
196
196
196
35
35
35
35
35
35
35
476
476
476
476
476
428
428
428
430
188
188
188
340
188
348
348
430
501
501
386
386
386
386
386
386