213 123
32 246
545 271
418 470
558 318
1 318
1 418
108 478
271 545
470 334
334 114
108 528
544 108
165 470
108 424
325 424
544 307
17 271
173 544
334 140
422 334
194 314
422 32
194 422
17 367
17 489
422 514
422 334
140 462
76 314
422 334
367 17
194 76
76 194
528 541
194 76
194 304
528 422
140 462
442 194
194 442
140 470
462 98
442 87
140 514
350 194
140 462
140 126
307 462
307 100
307 514
306 286
442 87
57 194
442 225
129 367
57 442
100 269
100 462
270 126
57 442
140 270
270 425
425 246
140 270
270 425
140 246
270 306
140 118
129 532
246 100
57 70
425 246
246 460
87 425
87 57
350 187
350 104
425 514
350 412
350 489
350 305
350 317
499 514
514 12
425 397
350 17
514 246
98 50
514 499
514 425
246 484
286 271
514 367
384 246
87 98
93 350
412 129
404 542
87 50
246 118
204 522
286 412
514 77
514 77
98 87
317 93
412 193
317 350
286 350
286 317
499 384
499 391
12 514
521 532
118 514
12 118
12 524
204 532
118 514
246 100
246 556
12 315
315 514
385 118
118 240
187 180
187 499
361 118
187 87
391 429
385 103
315 3
315 117
385 315
385 425
361 442
187 131
315 391
187 286
117 118
51 363
118 246
385 484
104 129
104 187
361 98
361 50
361 187
361 187
361 350
361 270
93 104
361 350
286 361
118 524
361 412
77 98
117 12
50 323
385 484
50 78
51 117
385 474
484 409
77 124
409 7
409 264
7 385
511 522
484 103
77 499
77 317
77 317
361 179
409 484
68 499
409 385
429 185
185 315
323 185
77 78
361 93
104 286
7 263
179 29
264 100
409 358
179 78
180 187
180 361
180 104
180 104
180 350
409 246
524 264
31 519
179 78
115 341
524 140
115 522
104 286
429 77
180 403
429 180
429 179
524 185
185 385
179 78
524 185
409 484
409 246
104 341
524 140
484 409
180 499
180 104
180 275
180 179
179 78
104 11
180 29
180 286
180 11
524 118
180 342
179 429
341 509
11 180
115 341
484 524
11 180
11 104
185 544
484 409
78 189
40 131
524 185
524 185
512 463
131 553
179 187
179 29
185 27
78 179
131 180
524 118
78 429
11 104
341 319
203 409
11 319
131 180
40 131
78 347
41 92
185 429
131 275
185 117
512 364
185 347
556 402
347 429
40 92
40 403
11 104
41 179
103 530
556 385
103 27
41 78
40 41
402 409
402 498
530 185
530 524
530 25
40 553
215 11
363 462
224 91
464 530
92 342
342 40
83 78
189 182
103 363
103 530
530 185
464 347
530 124
530 524
72 342
347 83
347 464
182 70
342 72
72 215
342 179
72 104
319 412
320 103
464 524
29 41
29 179
29 361
72 275
347 78
556 264
530 347
464 25
275 416
103 70
29 70
556 552
119 110
92 131
72 215
556 409
342 275
72 122
72 181
342 92
29 40
92 342
530 464
29 557
92 552
552 460
320 183
27 25
552 260
71 180
29 83
364 265
553 92
552 124
552 530
464 25
553 92
92 2
553 433
25 530
25 530
347 464
71 186
70 141
2 342
553 342
2 70
2 50
275 387
275 141
433 92
25 530
70 141
27 552
275 557
552 103
124 553
358 103
363 175
275 342
553 557
25 474
358 3
25 550
358 552
72 417
124 557
181 319
553 366
124 475
387 342
124 29
552 70
553 70
70 141
552 103
124 3
3 124
358 363
363 122
71 319
192 72
71 193
364 206
27 25
71 319
550 141
25 556
141 552
25 70
550 103
550 25
25 117
3 433
3 141
557 441
387 202
70 475
387 416
70 330
557 3
193 275
25 530
557 441
181 53
387 202
550 141
141 270
475 62
387 405
193 441
181 557
141 5
193 181
193 181
441 416
364 512
193 181
363 358
122 272
550 141
122 141
122 550
122 272
193 557
405 550
550 474
550 475
550 483
193 387
141 474
141 358
474 141
475 441
475 441
475 441
475 181
475 25
475 550
475 557
193 53
416 417
475 5
416 53
122 328
122 328
474 475
416 193
193 181
550 483
474 331
474 70
328 272
474 5
186 401
475 141
5 330
475 417
62 553
474 25
328 272
416 474
416 417
62 5
364 206
62 557
53 71
364 206
474 70
5 62
417 416
5 464
53 319
62 330
328 434
417 416
328 358
53 401
5 427
5 475
53 186
53 92
202 366
417 387
62 5
474 387
5 474
53 401
53 357
202 53
202 417
202 546
474 550
81 330
272 345
202 387
330 345
53 401
5 272
5 345
5 421
202 272
53 275
330 345
427 5
366 401
366 202
272 421
330 175
401 53
330 331
82 272
206 26
427 5
330 345
330 400
272 475
366 401
421 419
202 399
427 175
401 357
345 421
401 206
401 357
401 357
26 207
401 553
401 186
401 62
357 366
400 401
401 357
400 366
357 186
200 283
421 175
357 200
357 53
357 366
357 180
357 401
421 345
366 200
60 487
175 141
338 116
283 415
338 116
130 283
338 355
355 116
355 415
355 415
130 415
415 206
116 338
130 283
105 401
116 355
116 355
105 200
338 200
443 105
349 415
34 471
516 34
338 116
281 116
63 516
343 175
63 534
360 283
274 283
274 415
360 283
360 355
212 285
28 281
42 287
316 28
42 343
546 324
42 554
486 316
111 280
277 280
69 554
436 340
