517 116.2511 39.53471
535 115.8886 39.56962
205 116.41242 39.57247
213 116.10828 39.60601
123 115.88389 39.6256
94 116.06168 39.64765
32 116.23816 39.65453
418 116.43788 39.66851
37 116.64879 39.67533
545 116.5977 39.67973
558 116.31011 39.68316
329 116.5552 39.68704
176 116.87491 39.68912
173 116.293 39.69913
515 116.72402 39.69973
108 116.18231 39.70166
1 116.32606 39.70351
478 116.08976 39.70732
172 116.41759 39.71945
271 116.56045 39.72155
424 116.11736 39.72472
114 116.3636 39.733
544 116.21153 39.73488
422 116.42593 39.73551
470 116.33761 39.73593
334 116.33827 39.74459
165 116.32065 39.75179
17 116.4802 39.7522
532 116.71993 39.75839
494 116.49076 39.75863
489 116.49666 39.76014
325 116.0497 39.76231
423 116.86974 39.77256
194 116.42816 39.77834
140 116.29742 39.79633
76 116.41263 39.79723
367 116.57126 39.79962
314 116.37282 39.80273
542 116.19339 39.80285
127 115.96324 39.80484
528 116.15767 39.8049
442 116.46977 39.81021
462 116.28747 39.82077
350 116.5018 39.82564
307 116.36887 39.83012
306 116.41572 39.83084
57 116.39755 39.83356
270 116.36462 39.83528
129 116.59137 39.83633
100 116.27992 39.83934
425 116.37355 39.84641
262 116.25612 39.84799
93 116.55922 39.85317
265 116.83406 39.85394
246 116.23817 39.85481
87 116.42522 39.85523
499 116.40388 39.85866
96 116.50761 39.85904
98 116.42532 39.86059
514 116.35842 39.86237
204 116.68063 39.86306
286 116.48192 39.86537
384 116.33961 39.86683
259 116.26785 39.86691
412 116.5396 39.8679
404 116.21773 39.86796
317 116.47055 39.86996
519 116.67552 39.87257
12 116.36752 39.87434
521 116.69522 39.87451
118 116.34303 39.8757
391 116.37671 39.87786
187 116.44629 39.87922
315 116.36802 39.88256
385 116.31489 39.88261
361 116.43937 39.88326
496 116.09413 39.88341
522 116.68378 39.8845
392 116.41744 39.88564
397 116.38692 39.88592
117 116.35939 39.88799
51 116.37642 39.88807
510 116.62305 39.88926
398 116.4089 39.89072
110 116.16718 39.89131
104 116.52066 39.89162
264 116.2194 39.89187
77 116.43315 39.89315
263 116.26628 39.89356
50 116.41241 39.89484
341 116.56396 39.89532
484 116.30759 39.89553
409 116.26484 39.89567
7 116.24805 39.89586
511 116.67113 39.89587
388 116.03616 39.89741
185 116.36386 39.89852
68 116.38492 39.89887
429 116.38401 39.89897
323 116.39884 39.8993
524 116.33187 39.9013
179 116.43005 39.90211
180 116.4536 39.90282
31 116.63401 39.90404
115 116.58524 39.90426
549 116.65487 39.90671
203 116.21341 39.90901
11 116.47251 39.90949
512 116.62021 39.91092
78 116.40276 39.91133
40 116.43438 39.91199
131 116.44736 39.91227
498 116.24961 39.91286
41 116.42855 39.9169
402 116.2523 39.91897
556 116.26943 39.92088
215 116.48271 39.92143
347 116.36725 39.92147
319 116.52386 39.92163
103 116.3181 39.92227
530 116.33681 39.92315
10 116.19772 39.92358
403 116.467 39.92465
39 116.60784 39.92536
363 116.22151 39.92554
224 116.10315 39.9264
464 116.36101 39.9271
83 116.41105 39.92791
189 116.39369 39.92846
92 116.4282 39.92849
342 116.44689 39.92851
72 116.49261 39.92992
320 116.18519 39.93016
182 116.39246 39.9321
275 116.45941 39.93238
29 116.41528 39.93466
119 116.13917 39.93839
91 116.0751 39.94223
27 116.31912 39.94294
552 116.30386 39.94304
71 116.58073 39.94388
553 116.43501 39.94449
364 116.72907 39.9448
25 116.36542 39.94725
70 116.37924 39.94762
2 116.40383 39.94768
433 116.43398 39.94933
358 116.27441 39.95133
124 116.41618 39.95274
557 116.42604 39.95553
192 116.50029 39.95643
181 116.50064 39.95738
122 116.2916 39.95768
387 116.4598 39.95827
3 116.39921 39.9607
550 116.32274 39.96601
141 116.36072 39.96647
416 116.46027 39.97087
193 116.49346 39.97092
475 116.39906 39.97581
441 116.4116 39.97637
405 116.29286 39.98353
474 116.33327 39.98546
483 116.29922 39.98689
434 116.20696 39.98724
331 116.32533 39.99225
328 116.28982 39.99235
186 116.57825 39.9927
5 116.36962 39.99317
62 116.41782 39.99386
53 116.4845 39.99651
417 116.4615 40.00057
81 116.33523 40.00557
202 116.4855 40.00635
272 116.26533 40.01496
206 116.67288 40.01536
366 116.55477 40.01793
330 116.32391 40.02035
427 116.34734 40.02881
345 116.29278 40.03117
401 116.56454 40.03454
82 116.36264 40.03489
421 116.22529 40.04054
357 116.59739 40.04504
419 116.15272 40.0486
26 116.81611 40.0497
400 116.42007 40.05888
175 116.32935 40.06129
207 116.76478 40.06257
200 116.54981 40.0678
23 116.44368 40.07121
60 116.91434 40.07391
178 116.36146 40.07735
268 117.00621 40.08001
74 117.03396 40.08286
338 116.66255 40.08484
346 116.20965 40.09146
130 116.55451 40.09791
283 116.60213 40.10432
355 116.68205 40.10598
415 116.62498 40.10703
365 116.14013 40.1073
116 116.6712 40.11915
105 116.54039 40.12196
343 116.26014 40.12369
281 116.7137 40.12546
443 116.46471 40.13289
485 116.15451 40.13294
349 116.64573 40.13347
34 117.09509 40.1338
516 117.11966 40.13834
523 116.9999 40.13907
63 117.06962 40.14331
471 117.10339 40.15055
267 116.22904 40.16121
360 116.63195 40.16523
274 116.61387 40.16537
273 116.64303 40.17112
28 116.73341 40.18562
212 116.03497 40.18623
279 116.82338 40.1922
42 116.22352 40.1993
316 116.64906 40.20165
546 116.49008 40.21081
472 116.39535 40.2124
47 116.20692 40.22196
285 116.13498 40.22665
486 116.69807 40.25277
554 116.23367 40.2608
473 117.12205 40.26461
58 117.07287 40.27146
79 116.91382 40.27733
324 116.58362 40.28768
232 116.63891 40.28861
128 116.75918 40.2915
16 116.72139 40.30178
162 116.6547 40.31746
477 116.32671 40.32784
121 116.81696 40.36626
111 116.83689 40.37095
277 116.81184 40.381
280 116.88164 40.39283
69 116.16077 40.40777
196 117.03303 40.4084
35 116.5047 40.41234
476 115.93402 40.43247
428 116.77392 40.44549
430 116.89497 40.45556
188 116.08973 40.4635
436 115.98661 40.4669
348 116.05028 40.4818
501 116.14298 40.50658
386 117.14449 40.55813
386 117.1731 40.56673
318 116.31694 39.64397
318 116.31895 39.62122
541 116.20106 39.82209
304 116.41818 39.84455
126 116.39564 39.81124
225 116.42881 39.88273
269 116.37385 39.83002
126 116.40991 39.81805
460 116.33898 39.8494
305 116.44284 39.85744
240 116.34245 39.871
509 116.64463 39.89147
463 116.65085 39.92134
460 116.33569 39.84766
183 116.15701 39.92333
260 116.30407 39.89048
399 116.41051 40.07035
487 116.85244 40.07304
534 116.96247 40.14788
287 116.29331 40.22079
340 115.96814 40.46323
